/*--------------------------------*- C++ -*----------------------------------*\
| =========                 |                                                 |
| \\      /  F ield         | OpenFOAM: The Open Source CFD Toolbox           |
|  \\    /   O peration     | Version:  2206                                  |
|   \\  /    A nd           | Website:  www.openfoam.com                      |
|    \\/     M anipulation  |                                                 |
\*---------------------------------------------------------------------------*/
FoamFile
{
    version     2.0;
    format      ascii;
    arch        "LSB;label=32;scalar=64";
    class       volScalarField;
    location    "0";
    object      thicknessFraction;
}
// * * * * * * * * * * * * * * * * * * * * * * * * * * * * * * * * * * * * * //

dimensions      [0 0 0 0 0 0 0];

internalField   uniform 0;

boundaryField
{
    defaultFaces
    {
        type            empty;
    }
    inlet
    {
        type            fixedValue;
        value           uniform 0;
    }
    inlet2
    {
        type            fixedValue;
        value           uniform 0;
    }
    outlet
    {
        type            fixedValue;
        value           uniform 0;
    }
    walls
    {
        type            fixedValue;
        value           nonuniform List<scalar> 
8834
(
0
0
0
0
0
0
0
0
0
0
0
0
0
0
0
0
0
0
0
0
0
0
0
0
0
0
0
0
0
0
0
0
0
0
0
0
0
0
0
0
0
0
0
0
0
0
0
0
0
0
0
0
0
0
0
0
0
0
0
0
0
0
0
0
0
0
0
0
0
0
0
0
0
0
0
0
0
0
0
0
0
0
0
0
0
0
0
0
0
0
0
0
0
0
0
0
0
0
0
0
0
0
0
0
0
0
0
0
0
0
0
0
0
0
0
0
0
0
0
0
0
0
0
0
0
0
0
0
0
0
0
0
0
0
0
0
0
0
0
0
0
0
0
0
0
0
0
0
0
0
0
0
0
0
0
0
0
0
0
0
0
0
0
0
0
0
0
0
0
0
0
0
0
0
0
0
0
0
0
0
0
0
0
0
0
0
0
0
0
0
0
0
0
0
0
0
0
0
0
0
0
0
0
0
0
0
0
0
0
0
0
0
0
0
0
0
0
0
0
0
0
0
0
0
0
0
0
0
0
0
0
0
0
0
0
0
0
0
0
0
0
0
0
0
0
0
0
0
0
0
0
0
0
0
0
0
0
0
0
0
0
0
0
0
0
0
0
0
0
0
0
0
0
0
0
0
0
0
0
0
0
0
0
0
0
0
0
0
0
0
0
0
0
0
0
0
0
0
0
0
0
0
0
0
0
0
0
0
0
0
0
0
0
0
0
0
0
0
0
0
0
0
0
0
0
0
0
0
0
0
0
0
0
0
0
0
0
0
0
0
0
0
0
0
0
0
0
0
0
0
0
0
0
0
0
0
0
0
0
0
0
0
0
0
0
0
0
0
0
0
0
0
0
0
0
0
0
0
0
0
0
0
0
0
0
0
0
0
0
0
0
0
0
0
0
0
0
0
0
0
0
0
0
0
0
0
0
0
0
0
0
0
0
0
0
0
0
0
0
0
0
0
0
0
0
0
0
0
0
0
0
0
0
0
0
0
0
0
0
0
0
0
0
0
0
0
0
0
0
0
0
0
0
0
0
0
0
0
0
0
0
0
0
0
0
0
0
0
0
0
0
0
0
0
0
0
0
0
0
0
0
0
0
0
0
0
0
0
0
0
0
0
0
0
0
0
0
0
0
0
0
0
0
0
0
0
0
0
0
0
0
0
0
0
0
0
0
0
0
0
0
0
0
0
0
0
0
0
0
0
0
0
0
0
0
0
0
0
0
0
0
0
0
0
0
0
0
0
0
0
0
0
0
0
0
0
0
0
0
0
0
0
0
0
0
0
0
0
0
0
0
0
0
0
0
0
0
0
0
0
0
0
0
0
0
0
0
0
0
0
0
0
0
0
0
0
0
0
0
0
0
0
0
0
0
0
0
0
0
0
0
0
0
0
0
0
0
0
0
0
0
0
0
0
0
0
0
0
0
0
0
0
0
0
0
0
0
0
0
0
0
0
0
0
0
0
0
0
0
0
0
0
0
0
0
0
0
0
0
0
0
0
0
0
0
0
0
0
0
0
0
0
0
0
0
0
0
0
0
0
0
0
0
0
0
0
0
0
0
0
0
0
0
0
0
0
0
0
0
0
0
0
0
0
0
0
0
0
0
0
0
0
0
0
0
0
0
0
0
0
0
0
0
0
0
0
0
0
0
0
0
0
0
0
0
0
0
0
0
0
0
0
0
0
0
0
0
0
0
0
0
0
0
0
0
0
0
0
0
0
0
0
0
0
0
0
0
0
0
0
0
0
0
0
0
0
0
0
0
0
0
0
0
0
0
0
0
0
0
0
0
0
0
0
0
0
0
0
0
0
0
0
0
0
0
0
0
0
0
0
0
0
0
0
0
0
0
0
0
0
0
0
0
0
0
0
0
0
0
0
0
0
0
0
0
0
0
0
0
0
0
0
0
0
0
0
0
0
0
0
0
0
0
0
0
0
0
0
0.122197
0.891047
0.993916
0.216852
0.99847
0.993908
0.999392
0.86832
0.122197
0.891047
0.522948
0.964205
0.98322
0.998522
0.522948
0.964205
0.619246
0.99858
0.998465
0.941109
0.940927
0.941739
0.999228
0.991031
0.999027
0.92602
0.999098
0.998909
0.897218
0.570985
0.992895
0.207521
0.988912
0.999589
0.989334
0.98981
0.999594
0.988855
0.92993
0.965272
1
0.942369
1
0.774407
0.805154
0.783565
0.669437
0.999632
0.515399
0.999746
0.25902
0.773913
0.293932
0.80423
0.73806
0.678137
0.841263
0.623913
0.254194
0.351253
0.61288
0.665431
0.790832
0.751002
0.576624
0.747757
0.766159
0.833315
0.679806
0.249362
0.982635
0.946286
0.878428
0.878932
0.931975
0.765056
0.975792
0.939392
0.938156
0.961243
0.831588
0.951176
0.875882
0.999469
0.997478
0.992868
0.979243
0.87277
0.999131
0.865864
0.998321
0.998298
0.997156
0.992519
0.999995
0.999965
0.999863
0.984818
0.848882
0.999991
0.999959
0.95567
0.885223
0.416836
0.999981
0.999975
0.999734
0.999844
0.999995
1
0.999999
0.985423
1
0.82575
1
0.999464
0.999545
0.998787
0.999984
1
0.796473
0.999545
0.999999
0.999999
1
1
0.99428
0.811311
1
0.682911
0.791187
1
0.921129
1
0.99984
1
1
1
1
0.999593
1
0.80552
0.807139
0.823493
1
0.999994
1
1
0.999955
1
0.997497
1
1
0.978112
1
1
1
1
1
1
0.999971
1
1
0.999999
0.996261
0.999961
0.999973
0.99638
0.999725
0.999999
0.999998
0.999981
0.999525
0.999878
0.967839
0.999713
0.99869
0.780569
0.731357
0.995774
0.999931
0.986045
0.82758
0.31398
0.898915
0.961011
0.815868
0.335423
0.986936
0.975599
0.769819
0.711158
0.835654
0.674145
0.355158
0.332869
0.241619
0.787846
0.709429
0.155932
0.0679442
0.121513
0.113077
0.118397
0.502445
0.999844
0.999844
0.201781
0.57997
0.521639
0.550517
0.467976
0.984128
0.897685
0.790942
0.56269
0.767463
0.249101
0.884728
0.959388
0.238299
0.630616
0.99613
0.671802
0.725088
0.252319
0.94134
0.92376
0.806551
0.823352
0.819796
0.843484
0.934605
0.768863
0.850233
0.841648
0.794483
0.974499
0.968573
0.845944
0.954668
0.833432
0.873312
0.999201
0.595408
0.899817
0.852873
0.763257
0.932119
0.678961
0.519671
0.432106
0.707078
0.579761
0.771241
0.945363
0.373712
0.730794
0.647146
0.577063
0.842803
0.962271
0.100151
0.653695
0.743992
0.600727
0.488696
0.667326
0.862583
0.0430867
0.959109
0.773532
0.5321
0.0657952
0.716289
0.79559
0.824923
0.224208
0.771334
0.9989
0.974683
0.883728
0.999051
0.997027
0.997022
0.740909
0.743048
0.99905
0.998955
0.865934
0.999419
0.999547
0.304429
0.829667
0.999379
0.829657
0.304363
0.999642
0.999641
0.999954
0.999998
0.999943
0.999995
0.999994
0.999994
0.998943
0.998942
1
1
0.883581
0.999114
0.883738
0.958949
0.998891
0.999117
0.999651
0.756228
0.74637
0.148178
0.239953
0.418707
0.591817
0.998931
0.900472
0.592064
0.418682
0.900491
0.75331
0.515189
0.288451
0.515926
0.248429
0.999651
0.756228
0.74637
0.605376
0.148178
0.938213
0.963172
0.96314
0.939285
0.370065
0.999787
0.999989
0.916058
0.303937
0.574081
0.426483
0.574145
0.999984
0.466838
0.305238
0.677346
0.999926
0.99891
0.987617
0.466745
0.843744
0.801001
0.767434
0.62756
0.224346
0.825647
0.999707
0.999661
0.224449
0.627569
0.223725
0.843157
0.548159
0.923744
0.938177
0.784631
0.764278
0.218408
0.999737
0.825409
0.999701
0.999646
0.627533
0.895325
0.998572
0.99888
0.998487
0.94497
0.998492
0.831489
0.448798
0.999787
0.999989
0.916298
0.30316
0.996453
0.999259
0.939147
0.370669
0.999568
0.990366
0.996592
0.384559
0.866821
0.998539
0.957154
0.426546
0.384611
0.999072
0.999973
0.999132
0.843754
0.801039
0.305227
0.677305
0.850028
0.954779
0.999367
0.992867
0.938972
0.939163
0.999993
0.999973
0.941698
0.895317
0.998068
0.894561
0.940925
0.356971
0.973875
0.871276
0.990845
0.343236
0.305859
0.999681
0.999638
0.874454
0.999994
0.735085
0.873475
0.687313
0.826658
0.133833
0.0673122
0.74186
0.999666
0.999574
0.993286
0.436552
0.999813
0.999372
0.43905
0.455804
0.999975
1
0.999918
0.999994
0.998356
0.884236
0.99441
0.999105
0.416233
0.997312
0.999392
0.415978
0.99941
0.415978
0.613928
0.596725
0.857578
0.416233
0.997311
0.9971
0.999949
0.999902
0.298632
0.298613
0.333907
0.436637
0.333914
0.999393
0.999809
0.43904
0.455823
0.997941
0.999955
0.999616
0.99997
0.999724
0.999985
0.935896
0.936715
0.861218
1
0.999999
0.999998
0.999998
1
1
0.999999
1
1
0.998881
0.883923
0.883926
0.826942
0.989157
0.678835
0.88422
0.998897
0.99826
0.999078
0.376116
0.87128
0.999257
0.536454
0.826658
0.133832
0.305691
0.687323
0.873473
0.375424
0.708441
0.998556
0.971646
0.794593
0.891675
0.97165
0.794574
0.891657
0.998556
0.999638
0.874455
0.375433
0.448598
0.732704
0.536454
0.305694
0.30586
0.557526
0.376116
0.87128
0.973875
0.871276
0.990845
0.343236
0.469202
0.473623
0.958969
0.540995
0.331568
0.644931
0.999898
0.999605
0.473646
0.958964
0.484269
0.954742
0.48175
0.499139
0.517192
0.544109
0.586645
0.952321
0.616301
0.287882
0.976268
0.947689
0.44117
0.586704
0.951323
0.616335
0.287887
0.975888
0.947648
0.447769
0.957284
0.950203
0.402556
0.480775
0.536737
0.999258
0.998896
0.44782
0.957247
0.950106
0.520577
0.481969
0.991965
0.970676
0.988669
0.935433
0.996417
0.938616
0.996423
0.938011
0.784323
0.78438
0.999696
0.795381
0.332714
0.875932
0.999997
0.999688
0.875928
0.999997
0.999995
0.796759
0.265501
0.908204
0.689723
0.220432
0.557049
0.978301
0.584231
0.320559
0.275004
0.999518
0.995426
0.999984
0.795082
0.330566
0.689703
0.999994
0.999663
0.999977
0.999984
0.875897
0.999998
0.999664
0.875892
0.999997
0.999995
0.689601
0.796742
0.265578
0.969508
0.995952
0.997876
0.998562
0.999521
0.802113
0.987453
0.987324
0.950838
0.988095
0.947291
0.493433
0.457291
0.998901
0.998522
0.827482
0.562575
0.998414
0.597037
0.983218
0.998414
0.998901
0.827484
0.562575
0.988095
0.947291
0.493433
0.457291
0.802113
0.950838
0.999582
0.999895
0.999788
0.481784
0.49932
0.517165
0.544528
0.313324
0.998974
0.999611
0.999493
0.541255
0.331716
0.645008
0.313364
0.999723
0.996609
0.44126
0.999385
0.999672
0.52062
0.482017
0.402545
0.480743
0.536714
0.977747
0.937354
0.999019
1
1
0.999998
0.999998
1
1
1
0.999998
0.999998
0.969621
0.988715
0.969057
0.970106
0.969718
0.897209
0.998076
0.998218
0.969416
0.999975
0.999913
0.999948
0.999983
0.99965
0.999958
0.99998
0.999651
0.999958
0.997067
0.998428
0.991568
0.994574
0.997776
0.989126
0.994536
0.997773
0.989094
0.998699
0.999781
0.998687
0.99849
0.991757
0.998984
0.999312
0.999958
0.998995
0.999491
0.859687
0.960472
0.999782
0.999826
0.999881
0.999996
0.999781
0.999997
1
0.999996
0.999976
0.97073
0.859421
0.96041
0.999998
1
0.999997
0.999964
0.996689
0.99276
0.994297
0.93748
0.999995
1
0.999981
0.999999
0.999956
0.999158
1
1
0.999996
0.999999
0.196975
0.41811
0.574837
0.783168
0.875567
0.826964
0.815461
0.752599
0.780727
0.859449
0.806381
0.780729
0.752599
0.829082
0.826882
0.783179
0.875411
0.823866
0.418128
0.166094
0.574885
0.196971
0.665351
0.799757
0.652595
0.691462
0.607842
0.351247
0.0860893
0.660139
0.249087
0.834846
0.804066
0.862707
0.74944
0.917694
0.910782
0.963832
0.972821
0.751027
0.865117
0.891548
0.972816
0.963794
0.839335
0.790372
0.940871
0.91647
0.788781
0.837527
0.886658
0.794741
0.351255
0.697644
0.367789
0.706869
0.613753
0.804529
0.770689
0.448955
0.759891
0.792035
0.856686
0.785408
0.93879
0.912605
0.392478
0.836976
0.735544
0.238661
0.635707
0.660161
0.653353
0.966372
0.875472
0.988265
0.99116
0.983655
0.994673
0.993869
0.998313
0.998989
0.990918
0.998988
0.998299
0.974525
0.996471
0.994143
0.987538
0.990177
0.848551
0.922963
0.955848
0.896336
0.975162
0.930206
0.985143
0.972625
0.987135
0.993553
0.973491
0.996414
0.994039
0.909278
0.986581
0.975889
0.866438
0.962511
0.966376
0.965512
0.998853
0.992497
0.949185
0.999701
0.999787
0.999841
0.999471
0.999897
0.99994
0.999881
0.999977
0.99999
0.999933
0.991224
0.999766
0.99999
0.999977
0.999017
0.999937
0.999881
0.998332
0.999781
0.999788
0.937284
0.949224
0.987496
0.995406
0.999239
0.999754
0.999842
0.996446
0.999317
0.999815
0.999018
0.999944
0.999884
0.995087
0.999649
0.99924
0.991961
0.992868
0.998699
0.998852
0.998754
0.999986
0.999999
0.999986
1
0.667067
0.672277
0.886733
1
1
1
0.420823
0.967935
0.999998
1
1
0.593699
0.999995
0.99999
1
0.999999
0.999979
0.999999
0.999999
0.949095
0.988748
0.999924
0.999993
0.999985
0.999999
0.999659
0.99995
0.999991
0.999997
0.999999
0.999912
0.999998
0.999993
0.999844
0.999987
0.999988
0.999987
0.999999
0.872661
1
1
0.999375
0.999745
0.999812
0.999999
1
1
1
0.998414
0.999999
0.990717
0.999907
0.988022
1
1
1
0.673834
1
1
1
0.86802
1
1
1
0.936763
0.841301
0.950584
0.988556
1
1
1
1
0.996434
0.999932
0.999649
1
0.999997
1
1
1
1
0.999999
0.999999
1
1
1
1
1
1
1
1
1
0.861788
1
1
1
1
1
1
1
0.862344
1
1
1
0.762617
1
1
1
0.974849
0.991991
0.998252
1
1
1
1
0.999607
0.999959
1
1
1
1
1
1
1
1
1
1
1
1
1
1
1
1
1
1
1
1
1
1
1
1
1
1
1
1
0.96847
0.987925
1
1
1
0.997953
1
1
1
0.999999
1
1
1
1
1
1
1
1
1
1
1
1
1
1
1
1
1
1
0.993108
0.999375
1
1
0.995924
1
1
0.999997
0.999999
0.999999
1
1
0.999999
0.999999
0.98989
0.997772
1
0.999996
0.991734
0.997378
0.999056
1
0.999993
0.999993
0.999383
0.999994
1
1
0.999992
0.999984
0.99999
0.999997
1
1
1
1
0.999999
0.999999
0.999999
0.999996
0.999984
1
0.999725
1
0.999292
0.999998
0.946997
0.999967
0.99985
0.985177
0.974544
0.999591
0.999729
0.999969
0.990545
0.999749
0.999494
0.999957
0.994575
0.99994
0.999329
0.998185
0.999972
0.999885
0.99487
0.99978
0.994345
1
0.999998
0.999982
0.999973
0.999951
0.999816
0.999647
0.999656
0.997115
0.998245
0.999714
0.999995
0.999973
0.99979
0.996751
0.99925
0.98907
0.98521
0.985015
0.996442
0.997398
0.983112
0.987467
0.995187
0.988916
0.979817
0.97873
0.960098
0.882655
0.996882
0.957509
0.787199
0.788135
0.998791
0.998525
0.999691
0.999452
0.99824
0.997351
0.998034
0.9947
0.991714
0.973699
0.97631
0.947265
0.867612
0.949569
0.977746
0.957286
0.19782
0.849022
0.946626
0.734994
0.696308
0.714681
0.918733
0.684883
0.951827
0.758893
0.912647
0.764629
0.533978
0.595473
0.193795
0.934598
0.946451
0.942205
0.738017
0.4233
0.359322
0.989584
0.948561
0.896504
0.535458
0.211517
0.299189
0.415627
0.176446
0.553715
0.321046
0.204713
0.778689
0.322232
0.744601
0.824197
0.350589
0.530184
0.575365
0.452519
0.233431
0.184443
0.143948
0.397291
0.04194
0.235197
0.138461
0.125559
0.0509954
0.124261
0.176822
0.156449
0.200733
0.0901073
0.212338
0.634426
0.459642
0.511734
0.595773
0.255711
0.768577
0.725857
0.77165
0.995417
0.0791414
0.900713
0.941466
0.928895
0.77997
0.834752
0.0864219
0.166556
0.957962
0.802554
0.0993256
0.634696
0.619079
0.220986
0.575157
0.941409
0.88035
0.79122
0.764946
0.905521
0.942859
0.959734
0.631075
0.151637
0.928178
0.890677
0.734965
0.935556
0.974227
0.960959
0.748608
0.943059
0.716288
0.0667398
0.893053
0.405462
0.30185
0.0697607
0.917512
0.950836
0.29614
0.213249
0.288906
0.9712
0.970439
0.81077
0.962062
0.997065
0.302277
0.983098
0.902301
0.401215
0.0855044
0.438843
0.152446
0.271325
0.372844
0.460019
0.408228
0.791893
0.825033
0.404144
0.123693
0.814434
0.0713296
0.453992
0.310829
0.53741
0.745769
0.517426
0.17236
0.744571
0.887653
0.998085
0.990717
0.462301
0.213982
0.564813
0.294021
0.505615
0.494309
0.797699
0.645126
0.550571
0.683153
0.44019
0.787009
0.7131
0.736655
0.853808
0.799642
0.999014
0.787189
0.836517
0.661666
0.829653
0.672593
0.584123
0.615315
0.76311
0.848407
0.832358
0.577973
0.695108
0.577973
0.703484
0.579348
0.708587
0.977069
0.841863
0.855417
0.858335
0.898559
0.961924
0.922678
0.758477
0.760463
0.750341
0.741908
0.741529
0.798309
0.760215
0.805478
0.856373
0.81438
0.84085
0.82117
0.659989
0.846024
0.838747
0.751468
0.838803
0.846535
0.984432
0.979068
0.79675
0.822085
0.776849
0.8911
0.854934
0.838787
0.887444
0.999984
0.845419
0.999865
0.774676
0.814451
0.630705
0.763104
0.360869
0.729246
0.924447
0.955594
0.777538
0.877579
0.955558
0.886285
0.595575
0.729075
0.360774
0.843766
0.85209
0.999875
0.885593
0.982482
0.952941
0.773036
0.842353
0.961062
0.912716
0.935658
0.903438
0.935214
0.909384
0.948756
0.833452
0.604528
0.881634
0.916912
0.704947
0.516105
0.226151
0.0965081
0.0514283
0.259662
0.122414
0.87358
0.853754
0.847466
0.758998
0.662964
0.861543
0.661981
0.732172
0.896804
0.67048
0.775459
0.605533
0.933476
0.937355
0.918118
0.541551
0.783583
0.539729
0.203284
0.365492
0.092852
0.323038
0.498385
0.811814
0.73223
0.615554
0.676648
0.221675
0.659782
0.666988
0.645182
0.61201
0.406368
0.570349
0.29052
0.853949
0.730185
0.5103
0.718338
0.70098
0.559457
0.214482
0.606514
0.846962
0.608726
0.712878
0.605613
0.810311
0.672695
0.681148
0.794692
0.673421
0.888849
0.575748
0.801185
0.90519
0.9836
0.936415
0.935925
0.556194
1
0.999998
0.999994
0.999993
0.999996
0.679699
0.971477
0.212513
0.800957
0.951841
0.986064
0.66587
0.627684
0.706396
0.894513
0.94257
0.999968
0.999816
0.917054
0.969115
0.964517
0.826469
0.826464
0.965014
0.964722
0.999691
0.999684
0.997864
0.996204
1
0.999686
0.999913
0.999668
0.967417
0.907224
0.999855
0.999656
0.138764
0.0992153
0.310063
0.252183
0.798564
0.837057
0.399953
0.247402
0.798563
0.837057
0.39997
0.24739
0.138763
0.0992152
0.310062
0.252182
0.767306
0.999576
0.991212
0.804032
0.99998
0.99996
0.980576
0.767125
0.593702
0.837859
0.879211
0.955514
0.986844
0.879241
0.999302
0.954126
0.986814
0.837858
0.673788
0.990735
0.467294
0.620692
0.999917
0.999555
0.467282
0.620626
0.211169
0.996361
0.952761
0.997176
0.992618
0.88632
0.999596
0.958671
0.757184
0.723451
0.710643
0.772311
0.999898
0.72422
0.999881
0.999797
0.999931
0.999946
0.905055
0.999688
0.910837
0.998057
0.684101
0.99943
0.979945
0.999933
0.90959
0.999983
0.99996
0.999977
0.999985
0.986213
0.997667
0.998309
0.999275
0.969904
0.986637
0.999925
0.999963
0.977015
0.937143
0.990812
0.991621
0.997685
0.999204
0.998963
0.999931
0.998962
0.99993
0.99994
0.998955
0.999277
1
1
0.999999
0.999992
1
0.999086
0.997194
0.999535
0.597387
0.748445
0.79758
0.999935
0.99942
0.99958
0.999948
1
0.999998
0.999996
0.999787
0.867958
0.999932
0.998999
0.987323
0.93093
0.988576
0.989159
0.925814
0.997399
0.9872
0.796042
0.968595
0.94978
0.999999
0.999999
0.999999
0.999978
0.999999
0.849459
0.772585
0.842089
0.469852
0.62683
0.856514
0.957667
0.635503
0.871527
0.858542
0.469869
0.626823
0.466887
0.856489
0.957653
0.87285
0.848727
0.771608
0.837377
0.597388
0.748458
0.797585
0.740398
0.943548
0.90553
0.955372
0.908895
0.92929
0.642044
0.592538
0.910477
0.859633
0.835155
0.955174
0.907442
0.928924
0.642059
0.592529
0.910476
0.85963
0.835119
0.956091
0.740398
0.943545
0.905525
0.462246
0.852481
0.957496
0.955555
0.462381
0.603237
0.852438
0.957395
0.839472
0.955426
0.999486
0.99568
0.999452
0.99889
0.984687
0.997141
0.999852
0.99986
0.999984
0.999996
1
0.999999
0.999953
0.470582
0.962905
0.253847
0.978698
0.8818
0.941554
0.999691
0.960596
0.999961
0.915025
0.995762
0.999817
0.999984
0.617702
0.823191
0.585693
0.937628
0.610127
0.621637
0.734928
0.194692
0.735728
0.874627
0.357368
0.299977
0.896135
0.723482
0.85299
0.67316
0.876521
0.433181
0.751397
0.683677
0.968145
0.993019
0.996519
0.996128
0.987315
0.97034
0.982527
0.997485
0.999759
0.99941
0.996371
0.980806
0.999985
0.999818
0.999515
0.999323
0.994574
0.997982
0.998373
0.989537
0.976483
0.896027
0.994355
0.949444
0.967247
0.996786
0.985658
0.985285
0.999011
0.965109
0.865141
0.961261
0.864215
0.965579
0.961571
0.997897
0.987547
0.996424
0.998206
0.917993
0.992114
0.938183
0.960791
0.999801
0.596779
0.838718
0.832821
0.596873
0.838734
0.832835
0.754418
1
1
0.999999
1
0.999978
0.999988
0.996347
0.99999
0.999593
0.999385
0.999387
0.740966
0.742234
1
1
0.980504
0.998998
0.999922
0.999927
0.980722
0.999088
0.990174
0.999809
0.999908
0.990728
0.99859
0.955275
0.98635
0.801411
0.98492
0.996704
0.964739
0.999914
0.999525
0.999899
0.26698
0.725026
0.187704
0.538155
0.458221
0.543653
0.25767
0.448774
0.765186
0.98227
0.23909
0.689993
0.953121
0.98744
0.912873
0.999538
0.984305
0.996754
0.999384
0.996328
0.999521
0.94272
0.99919
0.999996
0.999956
1
0.999329
0.894115
0.943641
0.999955
0.999995
0.999033
0.990754
0.998486
0.891789
0.848732
0.242096
0.225648
0.640222
0.6221
0.748947
0.626299
0.613348
0.749334
0.300232
0.230475
0.73977
0.261754
0.71156
0.495711
0.505058
0.511241
0.584114
0.198342
0.0548404
0.279735
0.987229
0.961459
0.918923
0.974461
0.776872
0.448239
0.999853
0.997869
0.999822
0.316443
0.803927
0.725601
0.220669
0.651243
0.832241
0.219021
0.697184
0.0496339
0.278372
0.353457
0.709916
0.997084
0.989533
0.82955
0.687393
0.0852141
0.512084
0.739904
0.632408
0.845293
0.797019
0.858798
0.620866
0.309692
0.3069
0.305399
0.346458
0.484383
0.155308
0.641593
0.923966
0.973904
0.957153
0.959917
0.842148
0.786837
0.899267
0.190929
0.721701
0.247141
0.153207
0.549962
0.956586
0.914899
0.900336
0.977173
0.89906
0.923403
0.268903
0.0722644
0.236626
0.428731
0.203558
0.220186
0.371577
0.816535
0.963575
0.416054
0.553623
0.686028
0.986732
0.995999
0.953164
0.955517
0.983335
0.906105
0.697109
0.867748
0.764149
0.925892
0.956318
0.73622
0.746393
0.943219
0.915764
0.943611
0.983325
0.490763
0.581393
0.168861
0.804779
0.898325
0.939235
0.934351
0.918943
0.990403
0.919271
0.322742
0.672015
0.989472
0.891284
0.996527
0.996375
0.987406
0.984151
0.955507
0.958762
0.87558
0.96178
0.928275
0.980802
0.975747
0.915865
0.969062
0.927937
0.980662
0.974789
0.999995
1
1
1
0.999996
0.999999
0.99999
0.999993
0.999928
0.999978
0.999996
0.999899
0.999904
0.998751
0.999604
0.997725
0.997053
0.995636
0.957833
0.986545
0.992083
0.997523
0.999651
0.996306
0.995457
0.98942
0.997447
0.999647
0.983637
0.990639
0.998539
0.834347
0.943152
0.913075
0.978969
0.9949
0.999004
0.995035
0.9908
0.998491
0.953643
0.955079
0.859896
0.856146
0.843488
0.726473
0.941313
0.907815
0.758526
0.831373
0.824107
0.613193
0.987467
0.962313
0.922574
0.975603
0.876582
0.782767
0.999735
0.998788
0.995785
0.990147
0.999895
0.996913
0.999973
0.955484
0.98487
0.999491
0.999936
0.681181
0.914478
0.765144
0.997473
0.999727
0.99941
0.994091
0.681271
0.733596
0.816737
0.501004
0.526769
0.995212
0.977802
0.999006
0.971618
0.979222
0.967931
0.887888
0.888383
0.996318
0.999307
0.999878
0.999704
0.999965
0.999913
0.999999
1
0.998413
0.992343
0.999999
1
0.718957
0.593682
0.535182
0.637922
0.518555
0.283824
0.147041
0.438562
0.377783
0.766401
0.976912
0.991366
0.961819
0.919848
0.517852
0.407888
0.424018
0.831167
0.706034
0.735588
0.685837
0.825756
0.605234
0.101154
0.417473
0.68113
0.855687
0.848424
0.65445
0.281055
0.205087
0.505469
0.0934666
0.454411
0.594902
0.676657
0.807333
0.903188
0.88932
0.199175
0.604623
0.154077
0.906341
0.979787
0.958026
0.987114
0.999986
1
0.999999
0.955111
0.957243
0.884912
0.999792
0.998418
0.999812
0.999759
0.929263
0.944865
0.816646
0.829667
0.754751
0.16995
0.423592
0.683506
1
1
0.998955
0.99922
0.97702
0.999294
0.996329
0.878632
0.95494
0.988271
0.999998
0.999782
0.999973
0.99892
0.998796
0.996259
1
0.999962
0.999997
0.990248
0.913579
0.956592
0.900093
0.956851
0.967799
0.838629
0.636827
0.602059
0.984701
0.928407
0.989656
0.947402
0.975191
0.945126
0.916422
0.957085
0.974284
0.917405
0.955771
0.993733
0.981794
0.999312
0.996295
0.999637
0.997462
0.999975
1
1
1
0.998762
0.996664
1
0.99996
0.722966
0.701739
0.925402
0.999162
0.999114
0.956147
0.989967
0.937533
0.937626
0.9777
0.881102
0.894449
0.923009
0.669807
0.450031
0.736778
0.716858
0.87058
0.226935
0.642013
0.2005
0.55747
0.357542
0.0945908
0.868751
0.998632
0.999912
0.999989
1
1
0.982386
0.99623
0.997601
0.99973
0.99999
0.783347
0.999096
0.999879
0.999595
0.412327
0.630455
0.182084
0.999736
0.912124
0.425907
0.66254
0.725008
0.997276
0.991667
0.916029
0.805516
0.677783
0.89162
0.258723
0.628695
0.717124
0.29874
0.397407
0.0693781
0.441325
0.950544
0.904665
0.89966
0.374935
0.522813
0.249607
0.540821
0.456149
0.568444
0.139667
0.400278
0.123727
0.455207
0.71993
0.714991
0.323488
0.607119
0.0624276
0.683076
0.388575
0.375726
0.642089
0.707964
0.823242
0.827229
0.954891
0.23187
0.81152
0.736168
0.570706
0.520114
0.261882
0.474109
0.920361
0.986013
0.974525
0.87052
0.808573
0.732326
0.843911
0.351505
0.448869
0.249224
0.11608
0.12896
0.692989
0.64662
0.827728
0.842387
0.915452
0.517943
0.632464
0.677766
0.517882
0.632455
0.997934
0.587095
0.999966
0.99969
0.978369
0.974716
0.542795
0.696162
0.225876
0.999136
0.999885
0.999608
0.8334
0.81266
0.69861
0.806385
0.843798
0.781826
0.620685
0.157006
0.665363
0.998565
0.991667
0.998664
0.251342
0.306472
0.503617
0.305377
0.647533
0.597235
0.660435
0.996331
0.746142
0.692438
0.542594
0.695631
0.225527
0.233111
0.631171
0.613363
0.272978
0.541037
0.407011
0.309088
0.782222
0.997939
0.999698
0.999494
0.828593
0.848051
0.733459
0.874144
0.770172
0.925589
0.542934
0.407204
0.312509
0.272842
0.997938
0.999698
0.999493
0.782239
0.733447
0.874193
0.770188
0.846982
0.828705
0.848116
0.692445
0.746144
0.542597
0.695639
0.225541
0.851101
0.784485
0.748173
0.892841
0.182439
0.688452
0.597238
0.647535
0.455804
0.800903
0.182195
0.251352
0.305375
0.306472
0.0509085
0.213229
0.542795
0.696162
0.225876
0.783347
0.999136
0.999885
0.999608
0.81266
0.69861
0.806385
0.843798
0.999096
0.999879
0.999595
0.781826
0.648047
0.346538
0.688396
0.620685
0.172258
0.630454
0.157006
0.66536
0.493075
0.615788
0.499581
0.339472
0.179931
0.987872
0.86183
0.851583
0.987821
0.857675
0.408406
0.746994
0.966797
0.759446
0.619829
0.891425
0.745674
0.687245
0.591811
0.814014
0.826181
0.591893
0.826178
0.891616
0.689264
0.524379
0.561726
0.635925
0.997651
0.996233
0.524454
0.688687
0.99983
0.999275
0.223589
0.999979
0.999953
0.999871
0.962188
0.773146
0.87626
0.988322
0.994633
0.96692
0.236846
0.811454
0.73286
0.846264
0.99941
0.999751
0.999919
0.999922
0.851373
0.999652
0.999905
0.999891
0.999633
0.628309
0.237276
0.236839
0.34399
0.366522
0.0421702
0.88383
0.683583
0.70091
0.439465
0.280884
0.393865
0.372198
0.174743
0.913228
0.975209
0.877206
0.942959
0.97818
0.858652
0.934099
0.971904
0.859766
0.880581
0.276665
0.513192
0.692393
0.357251
0.870525
0.580564
0.840406
0.999777
0.999918
0.365952
0.238188
0.628528
0.23733
0.999905
0.837768
0.812009
0.732734
0.846719
0.999942
0.99975
0.999917
0.999922
0.851355
0.999631
0.999901
0.999884
0.998158
0.999635
0.351396
0.44459
0.62828
0.23726
0.23682
0.999976
0.999949
0.891695
0.746014
0.687639
0.759138
0.960657
0.999747
0.999857
0.561699
0.635875
0.980019
0.89352
0.969373
0.990257
0.976733
0.995611
0.999988
0.99995
0.994007
0.999153
0.9995
0.991485
0.987845
0.935298
0.935255
0.988796
0.99166
0.991416
0.991504
0.997395
0.987188
0.796402
0.968621
0.949854
0.999999
0.999979
0.999971
0.999652
0.999964
0.999995
0.999999
1
0.999998
1
0.999999
0.123924
0.887054
0.99657
0.986217
0.997879
0.150568
0.779609
0.666972
0.719945
0.999656
0.999875
0.846979
0.707812
0.815459
0.201258
0.247394
0.341332
0.40164
0.56663
0.98952
0.936963
0.955637
0.804984
0.744322
0.540321
0.529326
0.233708
0.325778
0.551375
0.843964
0.752964
0.849265
0.999578
0.999948
0.99999
0.999995
0.99999
0.999995
1
0.999998
0.744322
0.540321
0.529326
0.22304
0.306367
0.996606
0.98623
0.997895
0.886694
0.151272
0.233708
0.551375
0.752964
0.912479
0.644769
0.813433
0.936963
0.955637
0.804984
0.150523
0.999677
0.999669
0.999906
0.999894
0.999889
0.341332
0.201259
0.247394
0.40164
0.130442
0.24918
0.622351
0.886435
0.966775
0.993634
0.99516
0.998434
0.890939
0.993632
0.995161
0.998434
0.88645
0.999656
0.999875
0.13044
0.999889
0.999677
0.999906
0.999894
0.77961
0.666972
0.679659
0.719943
0.174
0.324287
0.150526
0.136764
0.150568
0.189977
0.22304
0.306367
0.123924
0.887054
0.996606
0.997895
0.99657
0.986217
0.997879
0.886694
0.151272
0.91248
0.644769
0.813433
0.895085
0.896647
0.998631
0.991454
0.998485
0.984971
0.997861
0.978134
0.954857
0.990799
0.999188
0.987877
0.963712
0.99223
0.999197
0.987978
0.997154
0.963771
0.999414
0.92408
0.909826
0.240164
0.999877
0.999815
0.999936
0.999717
0.999906
0.999903
0.999881
0.911512
0.515486
0.240055
0.24027
0.918546
0.908388
0.240089
0.273345
0.963085
0.919969
0.909652
0.515296
0.715822
0.489531
0.244975
0.881111
0.894932
0.984927
0.914721
0.947864
0.98358
0.899873
0.936139
0.858404
0.169851
0.0738632
0.223707
0.998763
0.99928
0.999938
0.90869
0.515096
0.240076
0.273333
0.999934
0.99988
0.99987
0.999522
0.999846
0.999944
0.999815
0.999936
0.999697
0.999899
0.999896
0.99988
0.240031
0.652271
0.273239
0.964951
0.926986
0.911549
0.51552
0.993528
0.999974
0.99351
0.999979
0.999945
0.994105
0.961419
0.991854
0.999912
0.999994
0.785307
0.653452
0.998112
0.998415
0.777847
0.999656
0.999352
0.865903
0.931591
0.522408
0.374537
0.629663
0.925665
0.752909
0.913974
0.999978
0.999631
0.990033
0.997755
0.840096
0.837905
0.762407
0.860635
0.490134
0.710717
0.119976
0.446468
0.146871
0.0456926
0.146752
0.264484
0.697801
0.543167
0.314175
0.179659
0.331964
0.522032
0.126921
0.199267
0.27653
0.567788
0.0937764
0.110567
0.186825
0.742365
0.762564
0.847633
0.916752
0.733676
0.443283
0.0704431
0.25853
0.681278
0.274402
0.273872
0.999312
0.958592
0.928297
0.805297
0.869956
0.898577
0.805523
0.481401
0.772251
0.961265
0.990779
0.976811
0.918876
0.887964
0.806904
0.465397
0.764626
0.796007
0.712851
0.941732
0.271483
0.552063
0.413142
0.575882
0.626254
0.650584
0.777494
0.914225
0.877853
0.868114
0.242057
0.590627
0.41002
0.580517
0.0899159
0.493823
0.360083
0.418236
0.981445
0.960917
0.841085
0.773779
0.978451
0.294629
0.716042
0.29841
0.892893
0.835948
0.756332
0.956135
0.460587
0.614989
0.675917
0.357476
0.933007
0.960181
0.966416
0.802417
0.600767
0.668107
0.763142
0.152984
0.36496
0.874776
0.572999
0.0813969
0.215065
0.0391857
0.948318
0.980768
0.855112
0.78876
0.998028
0.968635
0.991581
0.925896
0.679641
0.710216
0.842249
0.901239
0.833178
0.786735
0.905451
0.894689
0.860216
0.856179
0.823429
0.793066
0.729696
0.229636
0.971206
0.565649
0.220792
0.791411
0.907363
0.975051
0.397895
0.457607
0.0881093
0.92927
0.609394
0.622943
0.196024
0.736805
0.305293
0.899566
0.835581
0.371204
0.504094
0.181754
0.842201
0.984479
0.994674
0.981019
0.990093
0.996648
0.917818
0.515101
0.92728
0.97557
0.986838
0.935582
0.990182
0.934914
0.957884
0.188263
0.0437152
0.0824339
0.0387187
0.464801
0.980881
0.493533
0.662937
0.461217
0.664414
0.393913
0.723923
0.998817
0.994278
0.997576
0.999097
0.986362
0.888603
0.978295
0.997432
0.997897
0.99578
0.723589
0.312906
0.896628
0.973592
0.923299
0.732264
0.999983
0.999203
0.999875
0.975191
0.985696
0.883691
0.959737
0.474112
0.760362
0.191511
0.74234
0.902556
0.855808
0.591837
0.715389
0.682897
0.818225
0.999965
0.999996
0.999935
0.999705
0.915751
0.867316
0.731422
0.994809
0.993085
0.980596
0.987525
0.90399
0.959516
0.842844
0.956188
0.639263
0.259222
0.242534
0.635632
0.234283
0.239998
0.220218
0.47949
0.801249
0.988074
0.969151
0.999375
0.987571
0.983152
0.920135
0.993776
0.94231
0.731015
0.724671
0.739909
0.998218
0.996211
0.987402
0.986888
0.959322
0.988903
0.975963
0.976948
0.984227
0.999997
0.999349
0.996151
0.999721
0.997821
0.974347
0.974881
0.996633
0.998323
0.9682
0.642124
0.737601
0.91806
0.22846
0.224117
0.884786
0.727133
0.88148
0.972879
0.209445
0.219424
0.977403
0.992173
0.972497
0.883023
0.91577
0.971481
0.87919
0.998973
0.912725
0.994491
0.997042
0.925664
0.752914
0.914018
0.9774
0.992172
0.989038
0.999866
0.999978
0.990091
0.983507
0.876819
0.955351
0.961145
0.999255
0.989083
0.997477
0.975487
0.995904
0.999352
0.998267
0.991063
0.999476
0.984679
0.962129
0.0857159
0.446539
0.365429
0.549185
0.563072
0.248127
0.978896
0.902129
0.92944
0.961042
0.862082
0.316781
0.0851804
0.256062
0.70122
0.285813
0.390891
0.258306
0.999172
0.99988
0.999916
0.999761
0.951345
0.979306
0.999875
0.998854
0.999008
0.913228
0.982879
0.991121
0.677451
0.909492
0.993907
0.999926
0.999434
0.999882
0.99999
0.999674
0.999446
0.998484
0.890188
0.973166
0.999953
0.999999
0.999996
0.999981
0.957451
0.873351
0.855872
0.269158
0.262384
0.469093
0.673826
0.916873
0.766643
0.988022
0.958492
0.964217
0.992297
0.978322
0.963901
0.998965
0.985753
0.998689
0.942911
0.856936
0.987645
0.710372
0.425044
0.975698
0.94262
0.914222
0.449558
1
1
1
0.999987
1
1
1
0.999819
0.983869
0.999908
0.999947
0.999176
0.997484
0.999816
0.996318
0.999294
0.721528
0.894446
0.517515
1
1
1
0.954398
0.989868
0.946315
0.999946
0.999915
0.999444
0.999916
0.999993
0.999999
0.999517
0.999858
0.99998
0.983582
0.996472
0.995425
0.950063
0.985764
0.76225
0.760158
0.883262
0.860458
0.750532
0.894545
0.381224
0.794687
0.532303
0.985862
0.998175
0.999387
0.995349
0.999872
0.998529
0.999853
0.682647
0.268758
0.684869
0.865403
0.462378
0.767224
0.476012
0.884791
0.770039
0.833811
0.853554
0.965616
0.998032
0.999713
0.999331
0.982992
0.910401
0.910389
0.982928
0.999389
0.969391
0.988045
0.999885
0.999871
0.999983
1
0.999997
0.999979
0.99999
1
0.972177
0.893386
0.986555
0.909154
0.999996
0.999964
0.999835
0.999798
0.94886
0.975472
0.912169
0.270526
0.0987401
0.273924
0.999612
0.892449
0.478925
0.775063
0.774528
0.9813
0.990971
0.867036
0.655437
0.405127
0.215617
0.737989
0.277087
0.946342
0.888979
0.909984
0.917077
0.746071
0.737845
0.868197
0.790403
0.937643
0.891378
0.9987
0.989217
0.959973
0.951772
0.974668
0.976024
0.863549
0.320845
0.244366
0.234527
0.533213
0.821977
0.780995
0.243862
0.701593
0.926629
0.809205
0.56157
0.460156
0.401215
0.882847
0.776908
0.264951
0.578321
0.487991
0.161353
0.148771
0.230235
0.94462
0.885368
0.95305
0.571055
0.422454
0.219295
0.208271
0.0499085
0.0994107
0.506362
0.493809
0.368185
0.536605
0.248379
0.150348
0.993765
0.999215
0.994392
0.99936
0.190863
0.54249
0.375171
0.128752
0.0935662
0.335745
0.276663
0.100056
0.901801
0.600705
0.970138
0.85312
0.972267
0.0499116
0.855297
0.696878
0.401529
0.591074
0.202809
0.778487
0.735963
0.0894627
0.82394
0.757986
0.978448
0.733188
0.918323
0.963325
0.80601
0.829842
0.385488
0.592841
0.470816
0.472357
0.200228
0.200991
0.939194
0.832064
0.81864
0.938198
0.804303
0.808382
0.8587
0.870856
0.709686
0.914949
0.908389
0.768373
0.932412
0.925813
0.953408
0.24304
0.25643
0.515015
0.61424
0.209938
0.185447
0.255005
0.113577
0.423746
0.25125
0.658595
0.254025
0.962912
0.624811
0.997484
0.938348
0.804376
0.808645
0.965879
0.993015
0.993537
0.938769
0.817736
0.965793
0.993006
0.993514
0.984499
0.307269
0.0917321
0.93109
0.964132
0.11358
0.999995
0.773634
0.670251
0.720549
0.937624
0.986161
0.882067
0.570995
0.811995
0.928381
0.962131
0.882067
0.288239
0.348136
0.073808
0.997717
0.047658
0.999972
0.720549
0.988249
0.811553
0.931452
0.77784
0.684479
0.931466
0.999967
0.335833
0.999972
0.073808
0.399119
0.570995
0.307269
0.091732
0.811995
0.93109
0.964132
0.928381
0.962131
0.779284
0.369654
0.909034
0.871893
0.915545
0.870467
0.91516
0.327559
0.741994
0.999527
0.999923
0.999773
0.999956
0.31142
0.734795
0.830907
0.59648
0.754638
0.651109
0.622779
0.617513
0.487648
0.174561
0.998367
0.986442
0.999974
0.326413
0.734583
0.999973
0.999982
0.999956
0.999985
0.999986
0.999978
0.999774
0.999955
0.299773
0.902274
0.448825
0.493507
0.897375
0.829836
0.805993
0.940045
0.963347
0.920529
0.978441
0.920571
0.733229
0.918347
0.921418
0.927982
0.758001
0.897352
0.823919
0.146057
0.902274
0.394346
0.179533
0.0894632
0.108674
0.448803
0.883298
0.686033
0.368082
0.855553
0.725502
0.912837
0.676014
0.260794
0.267021
0.269268
0.68148
0.275299
0.772069
0.771597
0.481077
0.265078
0.674791
0.634105
0.393715
0.145822
0.16027
0.349529
0.523405
0.304724
0.589935
0.647244
0.609235
0.427511
0.672998
0.350755
0.395377
0.084128
0.351844
0.782683
0.633868
0.178365
0.279545
0.262721
0.06031
0.55577
0.671194
0.270483
0.777827
0.875095
0.973763
0.969255
0.969084
0.531596
0.718244
0.875169
0.851941
0.166589
0.202409
0.0609805
0.404888
0.246577
0.642195
0.240226
0.15538
0.146221
0.0581112
0.908254
0.975054
0.999999
0.999999
1
0.237298
0.999988
0.999218
0.999901
0.996027
0.997163
0.999336
0.23806
0.6106
0.596002
0.853197
0.84951
0.910793
0.61466
0.836026
0.944486
0.977981
0.996747
0.993302
0.995308
0.930062
0.98224
0.98037
0.592875
0.547266
0.593447
0.89363
0.29378
0.727505
0.877105
0.923821
0.962827
0.999911
0.999985
0.999955
0.999492
0.997989
0.991186
0.983218
0.634087
0.244157
0.999996
1
0.230948
0.659289
0.623457
0.982822
0.964195
0.450497
0.861116
0.84758
0.857705
0.83645
0.0564098
0.16102
0.283163
0.720684
0.626321
0.629282
0.998569
0.998108
0.594149
0.263466
0.665779
0.233191
0.532149
0.264162
0.669332
0.26158
0.674771
0.683605
0.249965
0.265319
0.96599
0.879071
0.88374
0.963279
0.939298
0.910372
0.875708
0.64169
0.267577
0.675159
0.265517
0.346995
0.155541
0.109073
0.172435
0.313645
0.611821
0.24396
0.429019
0.82958
0.242146
0.632992
0.224968
0.24213
0.633006
0.224949
0.177452
0.0767825
0.0730956
0.334034
0.149562
0.475688
0.192078
0.0790694
0.245971
0.965021
0.881988
0.139254
0.556309
0.992064
0.992054
0.513532
0.998863
0.998767
0.971686
0.276905
0.24832
0.131097
0.160142
0.160335
0.131097
0.15015
0.999851
0.999859
0.287175
0.360937
0.251595
0.515167
0.688439
0.984242
0.99893
0.998565
0.998664
0.677289
0.999632
0.0841548
0.447067
0.793695
0.672036
0.806342
0.815473
0.838569
0.807547
0.293932
0.679811
0.766153
0.884385
0.756771
0.891561
0.910781
0.999851
0.622369
0.841262
0.623911
0.254206
0.972624
0.951174
0.963832
0.967738
0.865149
0.919323
0.974941
0.990954
0.993865
0.937486
0.94691
0.983375
0.710479
0.878935
0.913116
0.982635
0.946285
0.878442
0.998835
0.997157
0.997525
0.998393
0.998737
0.988883
0.999768
0.999881
0.969487
0.999445
0.855462
0.979213
0.991594
0.999469
0.997478
0.999734
0.999844
0.99992
0.999959
0.99998
0.999998
1
0.998533
0.50588
0.853811
0.897413
0.801426
0.984822
0.997969
0.999995
0.999965
0.999863
0.999932
0.999544
0.936647
1
1
0.750828
1
1
0.872654
1
1
0.985454
1
0.999995
1
0.99984
0.921153
1
1
1
1
0.878147
0.953423
1
1
0.748067
1
1
0.994282
0.99864
0.999999
1
0.999994
1
0.997955
1
1
0.855638
1
1
1
0.910862
0.999593
0.999922
1
1
1
1
1
1
1
1
1
0.98642
0.938996
0.988053
0.980884
0.988829
0.999999
1
0.999999
1
0.999985
0.978126
0.999995
0.999931
0.999541
0.999538
1
0.999944
0.997594
0.999886
0.999837
0.999473
0.997564
0.978221
0.867666
0.931611
0.991543
0.967142
0.999163
0.999903
0.99422
0.966368
0.994569
0.984998
0.992888
0.969639
0.0749774
0.0910169
0.725878
0.985145
0.967402
0.988844
0.648423
0.602988
0.277164
0.83694
0.584437
0.224216
0.891408
0.745393
0.0671791
0.50658
0.129876
0.601252
0.417333
0.176036
0.373466
0.170651
0.867593
0.130482
1
1
0.565875
0.638969
0.618326
0.731153
0.27371
0.744737
0.864496
0.316128
0.986458
0.461948
0.826534
0.683187
0.146024
0.951869
0.860119
0.91826
0.892184
0.417452
0.522963
0.297641
0.967068
0.26586
0.83545
0.978861
0.875416
0.922737
0.965857
0.890537
0.749309
0.242804
0.201127
0.483857
0.922445
0.737396
0.237789
0.994663
0.976728
0.998467
0.994977
0.887438
0.857811
0.659545
0.579348
0.916154
0.822472
0.74489
0.952239
0.841811
0.748781
0.660036
0.977357
0.987467
0.826344
0.920442
0.894997
0.960913
0.924444
0.956379
0.630791
0.226589
0.879696
0.999223
0.0639048
0.856088
0.904128
0.960957
0.892768
0.428684
0.794897
0.541496
0.061294
0.122153
0.452635
0.846119
0.704577
0.867946
0.203592
0.931964
0.187371
0.517669
0.711352
0.610223
0.537846
0.668889
0.132763
0.22517
0.998228
0.998469
0.904885
0.82008
0.667749
0.269636
0.246134
0.54422
0.206376
0.96084
0.792688
0.769211
0.694502
0.567383
0.51735
0.457625
0.214186
0.824711
0.882146
0.998858
0.998956
0.857578
0.174955
0.743048
0.743052
0.613928
0.999395
0.997696
0.597183
0.74089
0.596709
0.868311
0.998377
0.174781
0.993367
0.174781
0.999395
0.997696
0.743052
0.597184
0.174955
0.999957
0.962471
0.992635
0.310109
0.387724
0.998964
0.217832
0.98471
0.416889
0.387748
0.310107
0.587435
0.587438
0.750824
0.927407
0.997021
0.990361
0.605376
0.677289
0.399868
0.643718
0.282944
0.180419
0.515926
0.693457
0.248406
0.339471
0.25723
0.106671
0.799251
0.847986
0.999919
0.361239
0.288442
0.367494
0.999785
0.748173
0.455797
0.763052
0.399839
0.753186
0.645277
0.286956
0.990692
0.286963
0.763047
0.399843
0.645349
0.999746
0.999785
0.799251
0.515399
0.25723
0.847985
0.106671
0.251595
0.367496
0.361259
0.399868
0.643718
0.287175
0.282944
0.360937
0.180419
0.693457
0.498381
0.999975
0.999363
0.0410961
0.546977
0.715392
0.999488
0.999905
0.99923
0.999403
0.2151
0.547033
0.498373
0.879212
0.949521
0.505882
0.793364
0.793367
0.872657
0.420956
0.999099
0.223466
0.420959
0.999764
0.999746
0.596733
0.861456
0.597034
0.707447
0.788041
0.762209
0.998151
0.618108
0.554131
0.978625
0.409046
0.986292
0.171678
0.407813
0.553368
0.806084
0.802135
0.800967
0.761695
0.787865
0.692795
0.941258
0.894963
0.999357
0.998878
0.894724
0.461452
0.633422
0.99465
0.843339
0.973893
0.947017
0.946915
0.843774
0.831489
0.655738
0.448797
0.457253
0.998492
0.624471
0.239289
0.94497
0.840467
0.835529
0.94028
0.840472
0.998487
0.655738
0.457256
0.843339
0.987453
0.947017
0.987324
0.946915
0.843774
0.999972
0.999224
0.999349
0.999944
0.548805
0.878263
0.910025
0.714389
0.548558
0.66529
0.887291
0.223462
0.970239
0.990996
0.994674
0.970464
1
1
0.999997
0.999963
1
0.999934
0.998967
0.999971
0.999943
0.999971
0.999969
0.999971
0.970821
0.917265
1
0.999981
0.999526
0.999869
1
0.999998
1
0.999999
0.999998
0.999989
0.99998
0.999809
0.999304
0.999322
0.998923
0.894692
0.992817
0.991671
0.991357
0.16117
0.999166
0.999358
0.999307
0.999324
0.998827
0.998787
0.998842
0.899161
0.972554
0.864774
0.996855
0.779284
0.0673122
0.469202
0.74186
0.369654
0.613629
0.136775
0.0477203
0.423397
0.712048
0.717997
0.768754
0.711732
0.751073
0.250302
0.880029
0.421488
0.910921
0.988268
0.999668
0.999994
0.999994
0.99997
0.999996
0.999971
0.999681
0.997717
0.998585
0.950968
0.990105
0.188287
0.471897
0.0804145
0.375629
0.536604
0.485387
0.999773
0.999999
1
1
0.999998
0.99961
0.996725
0.958526
0.996157
0.883915
0.9971
0.238057
0.237777
0.23986
0.555686
0.493297
0.999784
0.95319
0.237017
0.993571
0.23702
0.999901
0.555686
0.493305
0.238057
0.237777
0.23986
0.999978
0.396075
0.396038
0.999568
0.999582
0.99969
0.999542
0.442457
0.414333
0.313486
0.210964
0.99065
0.99258
0.998011
0.442468
0.414331
0.313477
0.283246
0.210968
0.999797
0.999926
0.917087
0.999998
0.999998
0.999999
1
0.999977
0.999851
0.999996
0.999998
1
0.884001
0.996895
0.99931
0.995856
0.99655
0.993953
0.98657
0.757879
0.980701
0.987023
0.999428
0.998809
0.999551
0.999358
0.99672
0.995421
0.998636
0.999229
0.557526
0.478146
0.546685
0.188287
0.471897
0.162898
0.375629
0.95215
0.899312
0.959997
0.993241
0.843964
0.795406
0.83119
0.649854
0.324287
0.360844
0.732704
0.998585
0.937624
0.986161
0.990105
0.136763
0.999974
0.999995
0.999973
0.99999
0.999668
0.999994
0.999967
0.99997
0.999995
0.857602
0.448616
0.525037
0.335839
0.910859
0.436699
0.405441
0.691469
0.898744
0.973105
0.939963
0.751317
0.257532
0.898753
0.966783
0.973114
0.811564
0.836469
0.999995
0.999995
0.999973
0.99999
0.525034
0.857603
0.768753
0.712051
0.717996
0.360844
0.169511
0.0476584
0.136775
0.0477204
0.117719
0.356971
0.478146
0.973893
0.899161
0.972554
0.999257
0.864774
0.996855
0.899312
0.959997
0.661851
0.993241
0.795405
0.28824
0.348136
0.649855
0.613629
0.903896
0.781202
0.794324
0.484374
0.952012
0.471495
0.467042
0.956666
0.95677
0.866956
0.888402
0.999855
0.9998
0.999742
0.471192
0.957254
0.956874
0.8677
0.892991
0.792846
0.485382
0.535896
0.535903
0.999614
0.999634
0.798929
0.505465
0.270144
0.505636
0.68964
0.689857
0.823719
0.999282
0.996414
0.999827
0.999996
0.999711
0.999654
0.940567
0.68971
0.299701
0.689688
0.794711
0.283914
0.957855
0.941676
0.69064
0.795232
0.330578
0.326521
0.767581
0.862706
0.410267
0.579114
0.180083
0.97796
0.976121
0.704945
0.40247
0.190592
0.963497
0.229508
0.0699693
0.639233
0.717975
0.631662
0.999735
0.999304
0.750106
0.999554
0.999991
0.999959
0.999977
0.999809
0.999826
0.999997
0.999692
0.940559
0.999654
0.997975
0.691363
0.999463
0.896943
0.885587
0.862684
0.159795
0.167554
0.408831
0.622441
0.62263
0.117662
0.198669
0.894736
0.998453
0.998456
0.999604
0.998481
0.190995
0.999516
0.999063
0.999785
0.999889
0.167774
0.408971
0.844443
0.620058
0.979827
0.620063
0.999786
0.999902
0.999516
0.999063
0.167775
0.408972
0.998453
0.999601
0.998481
0.998456
0.999604
0.999669
0.190995
0.159795
0.167554
0.408831
0.622441
0.62263
0.117662
0.198669
0.894736
0.619246
0.999845
0.999789
0.999754
0.99988
0.99971
0.480362
0.261583
0.225411
0.480306
0.261578
0.22536
0.370178
0.283215
0.99207
0.992343
0.998127
0.370194
0.999773
0.989162
0.909897
1
1
0.999999
1
0.999999
0.999975
0.999999
1
0.999999
1
1
0.885536
0.896976
0.999057
0.896809
0.885423
0.885614
0.991649
0.989346
0.485344
0.999617
0.885572
0.999423
0.999039
0.885397
0.896739
0.999389
0.994526
0.992305
0.739669
0.999871
0.999321
0.999985
0.999997
0.999984
1
0.999999
1
1
0.999694
0.940033
0.999999
0.999976
1
0.99998
0.999995
0.999976
0.652596
0.691463
0.607844
0.351248
0.0860899
0.837605
0.799759
0.665358
0.827845
0.108674
0.166006
0.217572
0.133991
0.807547
0.713967
0.513532
0.5756
0.192794
0.728461
0.95668
0.981107
0.893324
0.691257
0.793137
0.824056
0.925044
0.838622
0.871686
0.997068
0.843686
0.829092
0.921388
0.678188
0.902111
0.885777
0.678225
0.8595
0.617863
0.73785
0.677887
0.885527
0.617865
0.997058
0.871687
0.843756
0.80423
0.893324
0.79314
0.69126
0.977092
0.713968
0.709451
0.793695
0.493507
0.13399
0.192795
0.728459
0.672065
0.956641
0.773913
0.837606
0.827843
0.0841552
0.792038
0.78541
0.93879
0.912606
0.392478
0.836977
0.735543
0.448959
0.759891
0.69764
0.912756
0.856687
0.238604
0.635589
0.367178
0.652763
0.705652
0.769906
0.458839
0.794734
0.791067
0.791813
0.992669
0.622377
0.659788
0.743617
0.892563
0.999853
0.763462
0.987669
0.839444
0.941149
0.576602
0.865346
0.750933
0.750926
0.756753
0.999852
0.986655
0.762873
0.665444
0.659272
0.743627
0.791087
0.884387
0.458841
0.992619
0.981015
0.912756
0.973491
0.996414
0.994039
0.909278
0.986582
0.97589
0.848539
0.913115
0.973542
0.955855
0.993553
0.987135
0.866355
0.962485
0.895635
0.965401
0.975439
0.831505
0.922935
0.873561
0.935832
0.987975
0.717596
0.832615
0.823047
0.992628
0.952624
0.903412
0.998264
0.996315
0.996588
0.827939
0.866294
0.707527
0.829432
0.990812
0.997796
0.765006
0.744918
0.824769
0.873919
0.997903
0.97354
0.999018
0.999944
0.999884
0.995087
0.999649
0.99924
0.937237
0.991602
0.996454
0.987528
0.999815
0.999318
0.991956
0.998698
0.995336
0.99875
0.999211
0.85449
0.997874
0.999622
0.86145
0.991486
0.966036
0.968487
0.889438
0.969232
0.434569
0.994861
0.976833
0.996364
0.262946
0.435606
0.989081
0.995558
0.999164
0.874138
0.430194
0.764262
0.903196
0.894009
0.896153
0.916428
0.912624
0.875568
0.998835
0.999957
0.999991
0.999997
0.999999
0.999912
0.999998
0.999993
0.999988
0.948981
0.99797
0.997263
0.988718
0.99995
0.999658
0.999844
0.999987
0.999993
0.999997
0.801018
0.897095
0.999969
0.999998
0.811437
0.892158
0.681382
0.944906
0.820791
0.978003
0.970557
0.999999
0.201899
0.346428
0.259655
0.643637
0.999995
1
0.410851
0.587185
0.673233
0.883889
0.470492
0.616604
0.819752
0.914816
0.714469
0.95018
0.821354
0.980206
0.971944
0.999998
0.99727
0.999957
1
0.999997
1
1
1
1
1
0.996426
0.997198
0.988544
0.999949
0.999649
0.999999
1
1
1
1
0.796177
0.841314
0.950557
1
1
0.98519
0.778136
1
1
1
0.999322
0.99991
0.98807
0.824067
0.961907
0.958679
0.778058
0.997201
0.999949
0.999979
1
1
1
1
1
1
0.974849
0.99864
0.999608
0.998253
0.999995
0.999959
1
1
1
1
0.991996
0.980247
1
1
0.762608
0.803225
0.919362
0.748107
0.779991
1
1
0.791211
0.837939
0.837845
0.68279
0.838147
0.838628
0.878179
0.780488
0.81125
0.803472
0.919381
0.980236
0.999979
0.999995
0.999999
1
1
1
1
1
0.999922
0.999991
0.999863
0.999999
1
1
1
1
0.997741
0.910405
0.968513
0.987968
1
0.819661
0.948674
0.934709
1
0.805729
0.925899
0.809872
0.926418
0.927628
0.945902
0.856926
0.950072
0.997738
0.999864
0.999989
0.999999
0.999997
0.999999
0.999997
1
1
1
1
1
1
1
1
0.999501
0.999983
0.999873
1
0.985101
0.997186
0.980423
0.994939
0.993348
1
0.993441
0.995765
0.998829
0.999865
0.999955
0.999946
1
1
1
0.999991
0.999852
0.999999
0.999981
0.999987
0.999993
0.999997
1
0.999988
0.999994
0.999938
0.99857
0.999592
0.999979
0.999981
0.998745
0.987678
0.995607
0.99993
0.990947
0.974428
0.999696
0.936663
0.913245
0.925731
0.959588
0.998856
0.998853
0.999991
0.999994
0.999794
0.989221
0.973301
0.895705
0.998756
0.99285
0.996405
0.998683
0.999072
0.998777
0.998617
0.948514
0.916009
0.775088
0.835374
0.672704
0.616649
0.996905
0.68276
0.393613
0.247808
0.378053
0.637636
0.980781
0.836853
0.931814
0.999808
0.862972
0.993759
0.918514
0.987734
0.959028
0.941805
0.929028
0.526169
0.932118
0.282087
0.782279
0.297079
0.268385
0.895873
0.657324
0.987299
0.886693
0.844968
0.811645
0.41746
0.26777
0.0695293
0.198598
0.32186
0.396938
0.184956
0.0669314
0.23957
0.450732
0.826322
0.851474
0.790829
0.857182
0.763433
0.25383
0.658841
0.371662
0.140434
0.0566211
0.601284
0.0745332
0.195541
0.19324
0.891185
0.828958
0.0389102
0.0846029
0.173852
0.271611
0.442582
0.172562
0.195807
0.454518
0.515232
0.306524
0.694051
0.929404
0.0261689
0.058117
0.581581
0.318262
0.0799883
0.383819
0.145857
0.697415
0.621219
0.423024
0.806431
0.966922
0.987243
0.961173
0.167209
0.383
0.0973672
0.0614964
0.248993
0.160638
0.428546
0.337106
0.640128
0.0265458
0.0590723
0.861664
0.634638
0.740121
0.262518
0.738494
0.234109
0.544716
0.888569
0.691453
0.685474
0.360948
0.419131
0.188901
0.846528
0.516924
0.451281
0.522079
0.34802
0.226963
0.59001
0.222608
0.608446
0.602374
0.827926
0.642785
0.239563
0.180254
0.633299
0.0654549
0.418711
0.399244
0.989674
0.946313
0.986898
0.231652
0.899511
0.72213
0.930524
0.451968
0.659191
0.140732
0.273143
0.506207
0.800443
0.625922
0.665435
0.208946
0.333167
0.184532
0.143904
0.426877
0.0569669
0.776001
0.602656
0.593808
0.839868
0.731231
0.608712
0.869977
0.67065
0.965355
0.612706
0.885439
0.954384
0.892259
0.905847
0.850375
0.743647
0.941824
0.808562
0.0759692
0.305132
0.17395
0.0501357
0.192746
0.0897037
0.126258
0.0359937
0.317747
0.840111
0.544507
0.234903
0.625221
0.215223
0.579679
0.146522
0.325621
0.0772103
0.239316
0.64072
0.241688
0.659357
0.221323
0.503534
0.758721
0.535558
0.150083
0.122446
0.877438
0.83531
0.950017
0.942356
0.848586
0.990447
0.995124
0.992094
0.986973
0.958832
0.898999
0.949482
0.930208
0.865481
0.326157
0.380765
0.888802
0.877828
0.711308
0.775465
0.911357
0.921219
0.25117
0.181327
0.566971
0.639305
0.59249
0.186045
0.229536
0.0841176
0.0282589
0.948926
0.887517
0.0248602
0.15186
0.0677425
0.0531191
0.98572
0.999951
0.966099
0.989161
0.993076
0.890417
0.999241
0.995682
0.963381
0.922037
0.945446
0.322689
0.957217
0.939197
0.967749
0.965802
0.931049
0.462964
0.751924
0.636149
0.744936
0.878461
0.864869
0.736837
0.615635
0.256363
0.603904
0.985669
0.959461
0.996679
0.991484
0.693216
0.846639
0.999249
0.999237
0.999859
0.851457
0.725291
0.804165
0.855205
0.999865
0.999742
0.999965
0.931691
0.821646
0.908207
0.805114
0.795172
0.901306
0.940299
0.952778
0.938404
0.878514
0.849901
0.797991
0.821954
0.839026
0.952265
0.947992
0.937721
0.813914
0.93057
0.862982
0.932893
0.950145
0.940089
0.971095
0.836153
0.853729
0.999983
0.999864
0.978383
0.937042
0.976717
0.894898
0.853281
0.886799
0.985207
0.77835
0.961828
0.97519
0.907565
0.776258
0.982153
0.980043
0.961551
0.968005
0.945087
0.945196
0.962132
0.981326
0.93967
0.839336
0.985207
0.995477
0.961828
0.999853
0.973064
0.943534
0.831758
0.886845
0.803398
0.859441
0.984148
0.954715
0.754451
0.60087
0.191512
0.226567
0.953819
0.925878
0.905271
0.877534
0.886409
0.852786
0.774149
0.664679
0.900614
0.66474
0.968019
0.91662
0.954765
0.933557
0.954715
0.600935
0.755146
0.894998
0.237297
0.649608
0.741419
0.458441
0.494497
0.186349
0.800276
0.730605
0.606164
0.657844
0.246683
0.0990368
0.057363
0.276759
0.622447
0.853924
0.712688
0.785269
0.578732
0.683155
0.578732
0.720012
0.579761
0.71436
0.883695
0.947432
0.959713
0.760148
0.246782
0.063978
0.495542
0.164788
0.967752
0.762787
0.894434
0.719626
0.271092
0.322594
0.588516
0.725342
0.967074
0.280543
0.737407
0.898979
0.427237
0.151225
0.486915
0.763489
0.687222
0.620238
0.625201
0.873096
0.572321
0.572321
0.577063
0.677061
0.93756
0.815516
0.791379
0.872381
0.957174
0.884287
0.254357
0.222115
0.757058
0.608873
0.826973
0.995076
0.997978
0.665468
0.688996
0.552547
0.241517
0.592309
0.680693
0.623439
0.613991
0.704056
0.523489
0.531468
0.396082
0.27465
0.790925
0.381054
0.727917
0.729159
0.451505
0.593328
0.206737
0.605731
0.984798
0.976258
0.93667
0.936154
0.81889
0.834892
0.836012
0.996785
0.747501
0.90566
0.851828
0.863977
0.919081
0.903465
0.885206
0.895425
0.898385
0.953618
0.857052
0.608727
0.851647
0.755449
0.632786
0.861269
0.897601
0.753375
0.634712
0.870305
0.712809
0.772646
0.164812
0.646553
0.277393
0.734434
0.692333
0.160271
0.686335
0.733116
0.893422
0.665305
0.449224
0.683327
0.833385
0.93104
0.771772
0.887059
0.822852
0.904045
0.971182
0.982496
0.973788
0.924862
0.925447
0.925002
0.838541
0.895154
0.914873
0.708511
0.743729
0.847589
0.977803
0.999979
0.999994
0.999999
0.998191
0.999669
0.998519
0.999747
0.995598
0.999188
0.990303
0.973312
0.749972
0.996245
0.731708
0.879434
0.823862
0.55179
0.680775
0.986095
0.944237
0.874159
0.637183
0.65199
0.729052
0.999944
0.873968
0.637121
0.651774
0.973097
0.669592
0.745083
0.551733
0.680741
0.470492
0.616611
0.828331
0.999864
0.999399
0.806033
0.989017
0.633416
0.914512
0.300473
0.464516
0.75439
0.203155
0.34644
0.259776
0.645222
0.633425
0.914511
0.826165
0.999408
0.806247
0.224885
0.621241
0.954209
0.783151
0.844197
0.999822
0.621183
0.954202
0.783139
0.844208
0.324023
0.525813
0.213499
0.230376
0.281427
0.923573
0.833325
0.998576
0.99854
0.999638
0.993027
0.759189
0.435817
0.880928
0.178497
0.144022
0.738428
0.620252
0.427695
0.815909
0.638137
0.187236
0.242694
0.549342
0.171298
0.996126
0.984731
0.997591
0.999618
0.991421
0.996304
0.702796
0.234111
0.999942
0.999986
0.999983
0.974678
0.950791
0.995481
0.983736
0.998507
0.987077
0.991546
0.903066
0.99992
0.987421
0.999203
0.988787
0.999928
0.999202
0.97884
0.838997
0.842344
0.978746
0.838954
0.842172
0.850915
0.465446
0.619645
0.721732
0.597897
0.703967
0.837738
0.929213
0.846801
0.999999
0.999998
1
1
0.999547
0.99915
0.988111
0.998946
0.999223
0.999929
0.686339
0.914732
0.736429
0.575603
0.581134
0.622905
0.855578
0.884837
0.602105
0.807252
0.863104
0.623496
0.621676
0.625736
0.85325
0.855601
0.854153
0.43417
0.468226
0.67496
0.940575
0.623458
0.621549
0.625542
0.853192
0.855611
0.854085
0.807116
0.862987
0.635486
0.858994
0.434212
0.675192
0.747264
0.947178
0.686081
0.907696
0.736245
0.57527
0.579334
0.587965
0.834215
0.827276
0.593564
0.465444
0.619645
0.721772
0.597969
0.703987
0.837742
0.929216
0.846805
0.547752
0.663419
0.97162
0.994369
0.988297
0.870122
0.962753
0.978042
0.949439
0.971336
0.956118
0.300486
0.949421
0.971225
0.547762
0.66342
0.971618
0.994369
0.988296
0.870116
0.96275
0.978041
0.603256
0.839577
0.616499
0.600293
0.847489
0.613197
0.643309
0.842371
0.630108
0.852964
0.849366
0.616503
0.600295
0.847457
0.613169
0.643257
0.842327
0.630054
0.852846
0.849217
0.971733
0.971581
0.941953
0.999992
0.808798
0.985235
0.996871
0.999439
0.999884
0.999985
0.999998
1
1
0.304824
0.827027
0.468009
0.970531
0.727347
0.920124
0.72735
0.920136
0.999994
0.99982
0.769123
0.817009
0.617722
0.518585
0.684797
0.832058
0.926843
0.469903
0.268822
0.112501
0.0526341
0.227455
0.912202
0.953097
0.865373
0.688593
0.238913
0.631704
0.860722
0.982741
0.938254
0.992514
0.967652
0.97194
0.998769
0.996404
0.994585
0.981203
0.999823
0.999732
0.995342
0.986954
0.995986
0.958675
0.999416
0.981757
0.853536
0.464549
0.853563
0.99995
0.998963
0.999841
0.999999
1
1
0.999999
1
0.999268
0.99985
0.993991
0.995946
0.945241
0.996554
0.923687
0.924079
0.977122
0.0609204
0.999983
0.999999
1
0.999813
0.999994
0.959157
0.971225
0.978862
0.991778
0.996906
0.999894
0.999987
0.999835
0.999996
0.99101
0.994045
0.965047
0.973822
0.997833
0.995295
0.999741
0.998434
0.998979
0.995366
0.974954
0.969489
0.465468
0.245223
0.640493
0.725673
0.861605
0.900469
0.957265
0.999993
0.998498
0.842836
0.847065
0.854396
0.912762
0.838575
0.871326
0.24
0.224894
0.256093
0.929414
0.981075
0.696471
0.879153
0.0319481
0.235542
0.519918
0.20408
0.58003
0.538944
0.530072
0.875176
0.877596
0.967786
0.886175
0.96677
0.641871
0.264879
0.676781
0.23726
0.983342
0.907692
0.953261
0.975307
0.769569
0.447685
0.251465
0.649858
0.574809
0.715071
0.321115
0.732899
0.330741
0.866818
0.875638
0.821635
0.949729
0.397441
0.504719
0.940252
0.920457
0.370306
0.843026
0.645637
0.982981
0.914619
0.982178
0.937842
0.744783
0.907627
0.620377
0.695287
0.900424
0.895052
0.0239839
0.0505297
0.942777
0.884871
0.96856
0.168881
0.0368473
0.0860456
0.107111
0.686455
0.162778
0.281009
0.878675
0.968893
0.356623
0.770967
0.894299
0.956916
0.800917
0.875682
0.920577
0.766225
0.510291
0.667915
0.509357
0.338087
0.198219
0.295478
0.0612151
0.891692
0.968466
0.632824
0.796596
0.719495
0.310829
0.261303
0.084522
0.994077
0.884493
0.849587
0.95516
0.975454
0.737257
0.174117
0.854297
0.699051
0.894262
0.875486
0.943123
0.761088
0.96699
0.981341
0.982163
0.0843717
0.702761
0.883731
0.956279
0.987372
0.87346
0.965531
0.955482
0.889604
0.889608
0.962649
0.950167
0.965066
0.999999
0.999999
1
1
0.999999
0.999999
0.999888
0.999118
0.999782
0.998324
0.999448
0.996938
0.999929
0.999953
0.999192
0.99563
0.999581
0.997466
0.896436
0.986962
0.978262
0.845633
0.955976
0.692672
0.692672
0.920007
0.92013
0.999672
0.994929
0.98492
0.998552
0.991087
0.968653
0.998033
0.92219
0.831824
0.641615
0.947816
0.998511
0.937485
0.387991
0.450754
0.999859
0.978924
0.972067
0.982091
0.999366
0.999713
0.999325
0.9962
0.989339
0.9999
0.998534
0.997079
0.441072
0.0746427
0.992533
0.988392
0.99906
0.994765
0.977431
0.979627
0.996425
0.989387
0.995763
0.999559
0.99999
1
0.992346
1
0.204431
0.224347
0.200418
0.212154
0.301141
0.997964
0.999486
0.996477
0.999828
0.483187
0.182581
0.139859
0.327356
0.753251
0.840667
0.523011
0.728214
0.776755
0.260395
0.252716
0.694804
0.715916
0.445508
0.847061
0.195922
0.321605
0.365018
0.122496
0.978721
0.976424
0.98407
0.999924
0.999486
0.999995
0.998918
0.998997
0.644088
0.982116
0.999333
1
1
1
0.999982
0.999891
0.997735
0.9888
0.997045
0.986664
0.999639
0.999899
0.973998
0.915006
0.974034
0.915133
0.995793
0.958042
0.999893
0.995263
0.999938
0.914672
0.728189
0.956359
0.992067
0.985857
0.995752
0.998748
0.999998
1
0.993982
0.999996
0.990258
0.954716
0.972374
0.97122
0.971079
0.847158
0.950241
0.853716
0.96043
0.854331
0.587313
0.827152
0.733191
0.895732
0.230702
0.605435
0.203514
0.521825
0.221452
0.199049
0.5157
0.215326
0.93612
0.815579
0.992851
0.998891
0.999859
1
1
0.99496
0.996179
0.999889
0.467129
0.713448
0.69738
0.399119
0.774863
0.0659437
0.679665
0.38758
0.182429
0.950976
0.95979
0.995023
0.99671
0.999777
0.98597
0.375423
0.182084
0.995421
0.998636
0.999229
0.614186
0.584729
0.210716
0.21259
0.246893
0.977653
0.956859
0.988205
0.918444
0.958426
0.38787
0.62737
0.842876
0.999805
0.998937
0.562505
0.769115
0.825235
0.943672
0.14811
0.160681
0.408583
0.0539188
0.598311
0.189912
0.195386
0.180615
0.0753067
0.719111
0.815986
0.589993
0.991979
0.991853
0.999129
0.953148
0.706114
0.231098
0.664555
0.261144
0.517453
0.234105
0.82339
0.819035
0.817562
0.818002
0.893674
0.56226
0.300296
0.690947
0.135436
0.216507
0.278027
0.34286
0.61283
0.451379
0.0766892
0.924854
0.850947
0.446521
0.803513
0.918037
0.974337
0.987589
0.968171
0.281055
0.907326
0.921898
0.96884
0.287894
0.0440741
0.26614
0.760358
0.767169
0.911406
0.986336
0.971723
0.40176
0.458106
0.8189
0.710687
0.426209
0.240439
0.705596
0.284915
0.833834
0.359513
0.270546
0.0730912
0.431964
0.782595
0.808411
0.732185
0.843844
0.996123
0.981174
0.976974
0.966683
0.953342
0.562496
0.769106
0.894535
0.916068
0.891098
0.928587
0.888328
0.648047
0.346538
0.688396
0.172258
0.661851
0.375423
0.0509088
0.213229
0.173014
0.0595597
0.721272
0.220156
0.675013
0.417527
0.466195
0.707019
0.487177
0.907237
0.169736
0.148557
0.113976
0.865907
0.377636
0.182195
0.493079
0.61579
0.499588
0.179932
0.174
0.0660244
0.98952
0.344923
0.800903
0.0484932
0.366519
0.999465
0.645438
0.99571
0.99929
0.113518
0.0658398
0.0746197
0.0735843
0.504016
0.999899
0.828316
0.851101
0.892841
0.800151
0.839415
0.784485
0.307289
0.707686
0.996656
0.999688
0.98547
0.792298
0.850729
0.981465
0.682017
0.761593
0.721213
0.282228
0.111763
0.673368
0.846937
0.952403
0.836445
0.43114
0.465993
0.713064
0.98
0.962786
0.682174
0.466005
0.713079
0.995024
0.968852
0.85077
0.761594
0.792298
0.999995
0.721222
0.673408
0.952418
0.431193
0.282264
0.111754
0.999899
0.999736
0.800151
0.839414
0.828316
0.38758
0.660427
0.707686
0.307291
0.774863
0.0660244
0.999465
0.645438
0.99571
0.99929
0.344923
0.0484931
0.366519
0.0658433
0.0659438
0.113518
0.11358
0.0735816
0.504017
0.0746185
0.503621
0.0595597
0.173014
0.721272
0.220156
0.675013
0.8334
0.95215
0.836911
0.417527
0.467129
0.713448
0.466195
0.707019
0.412327
0.69738
0.487177
0.907237
0.789882
0.169737
0.148558
0.113976
0.865907
0.377636
0.999917
0.118153
0.133336
0.79662
0.872446
0.442369
0.99991
0.619999
0.215009
0.468259
0.796808
0.814077
0.208091
0.0821406
0.971839
0.994696
0.971647
0.994946
0.825237
0.943673
0.834278
0.213999
0.393687
0.655346
0.58989
0.219176
0.325069
0.589181
0.999288
0.835326
0.999808
0.99964
0.998947
0.214027
0.224897
0.655395
0.846295
0.830612
0.671815
0.280756
0.334744
0.334976
0.280767
0.920186
0.997511
0.978547
0.628532
0.628554
0.23736
0.237414
0.634295
0.244347
0.99774
0.991277
0.963936
0.981863
0.999622
0.99548
0.814398
0.999615
0.997064
0.243294
0.992374
0.964959
0.926976
0.986633
0.628564
0.237348
0.240604
0.668505
0.988229
0.962325
0.974187
0.410093
0.484021
0.98796
0.94976
0.966704
0.932901
0.958567
0.288714
0.977418
0.179019
0.376453
0.22341
0.963109
0.280724
0.255386
0.674606
0.815458
0.811875
0.741199
0.985677
0.994893
0.980614
0.933817
0.409367
0.479979
0.960556
0.956004
0.909843
0.93197
0.999775
0.999917
0.797062
0.816876
0.999779
0.999655
0.99956
0.999879
0.839236
0.874354
0.999995
0.999997
0.999842
0.999918
0.814369
0.999622
0.997067
0.710494
0.992369
0.986632
0.999919
0.999906
0.870328
0.442264
0.866833
0.965528
0.999895
0.58988
0.21916
0.325043
0.58914
0.92231
0.985405
0.939106
0.999863
0.999575
0.997094
0.998705
0.987831
0.931152
0.999973
0.999999
0.999999
0.999989
0.999931
0.999974
0.999999
0.999999
0.999974
0.995652
0.999871
0.999321
0.0377228
0.744433
0.954258
0.062862
0.251067
0.43152
0.152781
0.325778
0.99988
0.999857
0.999746
0.99991
0.999951
0.871756
0.768197
0.714865
0.863914
0.999918
0.999908
0.999441
0.999904
0.999885
0.999887
0.15475
0.598519
0.162898
0.605342
0.999997
0.999984
0.58996
0.715624
0.590475
0.814463
0.999995
0.999974
0.918651
1
1
1
0.189977
0.598519
0.415885
0.0546693
0.187236
0.470463
0.527622
0.201817
0.744391
0.954238
0.0431214
0.605342
0.849265
0.999601
0.999885
0.999887
0.999663
0.99989
0.15475
0.566631
0.999917
0.999899
0.999439
0.999904
0.0395561
0.186946
0.469958
0.52648
0.201177
0.67838
0.745667
0.968842
0.965195
0.873943
0.745677
0.999857
0.999951
0.999746
0.99988
0.99991
0.186948
0.469962
0.52649
0.201183
0.0395548
0.999663
0.99989
0.0546693
0.415885
0.0377228
0.187236
0.470463
0.527622
0.201817
0.744433
0.954258
0.98623
0.744391
0.954238
0.062862
0.251067
0.43152
0.152781
0.0431214
0.908105
0.917925
0.909073
0.909163
0.925514
0.997706
0.993613
0.515833
0.273413
0.809417
0.633665
0.652534
0.250024
0.999823
0.999936
0.999941
0.999727
0.999901
0.8119
0.757228
0.652358
0.273284
0.249887
0.633449
0.652615
0.273269
0.512837
0.25004
0.633829
0.803211
0.633606
0.652411
0.249935
0.808318
0.815298
0.970929
0.961782
0.864253
0.348378
0.996692
0.999829
0.999842
0.999833
0.999925
0.806991
0.633581
0.652394
0.249925
0.999828
0.99979
0.999918
0.99983
0.999837
0.999941
0.999941
0.999721
0.999895
0.633402
0.249845
0.811968
0.757289
0.999232
0.78881
0.715451
0.741752
0.41166
0.160666
0.126287
0.451951
0.524557
0.992341
0.958167
0.920154
0.695861
0.998145
0.748048
0.671879
0.935637
0.924067
0.216571
0.214437
0.627161
0.37007
0.621429
0.772878
0.734548
0.877745
0.903936
0.679901
0.239868
0.457775
0.851325
0.951937
0.995508
0.773501
0.736018
0.880094
0.913943
0.999637
0.997069
0.997772
0.999787
0.998318
0.976913
0.993548
0.933789
0.9774
0.243271
0.620117
0.632169
0.734901
0.701675
0.685537
0.479277
0.813813
0.59664
0.189891
0.195586
0.777736
0.698975
0.0748346
0.121298
0.490832
0.416398
0.199324
0.716804
0.571112
0.664757
0.78556
0.0890994
0.222508
0.154205
0.272072
0.0495022
0.0623383
0.223703
0.265284
0.74529
0.831975
0.864301
0.342589
0.730978
0.708519
0.882267
0.97053
0.999382
0.977302
0.994919
0.0660902
0.0634205
0.782804
0.591363
0.876855
0.624568
0.353969
0.633982
0.856058
0.856033
0.882202
0.725022
0.938039
0.32758
0.296918
0.0750163
0.862702
0.823494
0.713338
0.897627
0.910061
0.955606
0.832925
0.239336
0.934782
0.799659
0.652725
0.463655
0.958069
0.92741
0.94599
0.898891
0.909771
0.578133
0.278533
0.620052
0.869438
0.800668
0.471957
0.893359
0.988479
0.753792
0.769045
0.508053
0.216424
0.510869
0.207903
0.0737883
0.492491
0.200862
0.503703
0.200737
0.277305
0.278819
0.534876
0.257208
0.931193
0.825496
0.80567
0.681626
0.875986
0.297722
0.158878
0.194547
0.351316
0.994775
0.970099
0.994118
0.982079
0.469082
0.80216
0.270826
0.877869
0.662761
0.88759
0.920841
0.864569
0.88093
0.600841
0.678216
0.520952
0.220151
0.973527
0.814668
0.595064
0.857876
0.909857
0.488531
0.67012
0.771314
0.263432
0.194467
0.430648
0.727084
0.866506
0.903919
0.905301
0.723407
0.758863
0.715975
0.763447
0.88003
0.446206
0.952619
0.955445
0.988423
0.917728
0.957047
0.977026
0.996331
0.995961
0.827123
0.756117
0.771454
0.94156
0.959263
0.0653147
0.777187
0.720889
0.919013
0.989355
0.853397
0.798008
0.832242
0.0951381
0.582832
0.903232
0.998817
0.999777
0.999187
0.999873
0.999614
0.945394
0.999643
0.999646
0.713117
0.305765
0.310964
0.74272
0.999983
0.999203
0.999875
0.995476
0.998991
0.996251
0.99142
0.996251
0.998991
0.99142
0.907568
0.983901
0.880869
0.959069
0.89189
0.779752
0.779769
0.892066
0.767171
0.597764
0.962606
0.966639
0.905267
0.964183
0.968957
0.311925
0.906312
0.996611
0.99152
0.911724
0.987633
0.973843
0.799061
0.934214
0.588066
0.912698
0.992184
0.963959
0.965253
0.947333
0.932164
0.952174
0.880729
0.718243
0.91298
0.736281
0.99999
0.998626
0.980965
0.973504
0.956773
0.438589
0.84269
0.897395
0.948975
0.966713
0.233587
0.631973
0.751993
0.993835
0.997691
0.983327
0.988003
0.999256
0.995485
0.999724
0.945981
0.943287
0.223691
0.222103
0.683485
0.452207
0.39749
0.881678
0.860532
0.435094
0.223513
0.221136
0.997264
0.998998
0.996975
0.987881
0.979438
0.994645
0.984393
0.987808
0.978634
0.98402
0.680017
0.239828
0.457769
0.997272
0.998998
0.996974
0.976911
0.993545
0.933776
0.977378
0.99979
0.998335
0.992274
0.997933
0.754557
0.924254
0.231755
0.18517
0.579885
0.122671
0.454123
0.55192
0.342356
0.904145
0.791178
0.345611
0.999704
0.997849
0.999232
0.987179
0.997926
0.997313
0.977856
0.994073
0.886913
0.998392
0.999308
0.998208
0.999922
0.999991
0.996262
0.969601
0.9946
0.999985
0.999981
0.999744
0.998468
0.999999
0.888106
0.93667
0.851362
0.992269
0.99382
0.989417
0.996153
0.89597
0.933901
0.978554
0.977055
0.982274
0.91225
0.864949
0.316763
1
1
0.999999
0.999999
0.999999
1
0.999762
0.991642
0.970599
0.999588
0.996883
0.998772
0.995789
0.466626
0.34181
0.142375
1
1
1
0.999992
0.913361
0.72548
0.859976
0.90225
0.98428
0.999907
0.999974
0.999752
0.998521
0.999989
0.999064
0.999425
0.996911
0.908906
0.880873
0.975976
0.910017
0.954438
0.975456
0.479372
0.987082
0.999218
0.991803
0.993598
0.999136
0.998934
0.897727
0.947888
0.966949
0.997745
0.991367
0.987742
0.980587
0.980552
0.997709
0.993845
0.999985
0.999999
0.999999
1
0.97208
0.977408
0.999997
0.999972
0.927372
0.997586
0.99736
0.989469
0.990612
0.238232
0.99771
0.960495
0.92014
0.681591
0.665935
0.368726
0.362455
0.810943
0.891145
0.272382
0.530875
0.25695
0.887245
0.687724
0.928257
0.941448
0.99427
0.972728
0.976534
0.918212
0.966855
0.750114
0.684591
0.65956
0.0599531
0.158665
0.15369
0.494835
0.9145
0.448784
0.757383
0.231287
0.236016
0.857034
0.624541
0.233137
0.95232
0.76118
0.338866
0.713106
0.928762
0.179487
0.953581
0.93959
0.724392
0.431475
0.69843
0.528931
0.64643
0.215078
0.988595
0.99866
0.997305
0.969716
0.999497
0.0839427
0.66249
0.420654
0.576825
0.720457
0.359844
0.0447662
0.058058
0.136
0.114157
0.147333
0.760427
0.713293
0.998482
0.999527
0.950017
0.914903
0.665913
0.444582
0.546409
0.956536
0.85131
0.741044
0.580127
0.822944
0.571695
0.385489
0.592845
0.201404
0.0335215
0.470825
0.472377
0.200243
0.200997
0.745752
0.687109
0.923296
0.915177
0.98031
0.891989
0.941769
0.901909
0.923524
0.981517
0.940055
0.938808
0.914852
0.841968
0.826898
0.964173
0.965606
0.885858
0.591817
0.33956
0.82916
0.853769
0.864901
0.91187
0.914889
0.675899
0.197708
0.282651
0.620659
0.691083
0.265211
0.242266
0.462845
0.0486696
0.966211
0.887203
0.968021
0.883128
0.997715
0.997707
0.999467
0.975253
0.902385
0.639479
0.994616
0.99294
0.970587
0.623132
0.218725
0.611438
0.746404
0.98704
0.99607
0.999756
0.999485
0.995538
0.999241
0.982092
0.996485
0.0915492
0.904087
0.983072
0.985733
0.992488
0.872067
0.789882
0.117719
0.0941049
0.300502
0.999968
0.887144
0.465471
0.630383
0.266022
0.808438
0.720652
0.958266
0.981477
0.904042
0.813225
0.628919
0.0875115
0.309541
0.831189
0.928848
0.0875115
0.309541
0.0804145
0.536604
0.571622
0.619084
0.884604
0.836911
0.899705
0.968545
0.985195
0.979515
0.104797
0.928849
0.903896
0.781203
0.0919979
0.169511
0.950968
0.117551
0.99995
0.999995
0.999973
0.999995
0.999996
0.999971
0.904043
0.813229
0.628921
0.958127
0.0992222
0.884862
0.659151
0.904336
0.981786
0.993641
0.888027
0.466323
0.66541
0.26879
0.90435
0.981797
0.993646
0.999968
0.884874
0.0992177
0.999973
0.999995
0.99995
0.999974
0.999995
0.094099
0.42339
0.300504
0.117553
0.571622
0.619084
0.546685
0.0915491
0.884604
0.904087
0.983072
0.985733
0.995652
0.992488
0.899705
0.968545
0.985195
0.979515
0.872067
0.104797
0.0919981
0.737233
0.999898
0.999979
0.999984
0.99998
0.997974
0.99996
0.999974
0.999991
0.691301
0.708993
0.734679
0.219798
0.531346
0.34517
0.246072
0.623815
0.227958
0.742568
0.0741654
0.994541
0.999891
0.733886
0.999997
0.999993
0.999978
0.999985
0.999997
0.99996
0.999972
0.999991
0.146059
0.194983
0.732722
0.948146
0.284399
0.394349
0.179535
0.147631
0.709451
0.914853
0.764275
0.90146
0.977092
0.923525
0.927982
0.981517
0.981511
0.938804
0.892006
0.941832
0.703953
0.761194
0.952312
0.915171
0.923294
0.980308
0.761268
0.952343
0.704019
0.981511
0.925057
0.447067
0.147631
0.764273
0.901445
0.745754
0.687118
0.19498
0.571695
0.732722
0.948146
0.201405
0.0335218
0.2844
0.217546
0.862336
0.788672
0.714236
0.924808
0.256687
0.408173
0.746611
0.72132
0.821642
0.741238
0.672738
0.262678
0.264829
0.270073
0.673128
0.269941
0.768414
0.765146
0.475743
0.799445
0.877321
0.929108
0.976364
0.613691
0.864899
0.911909
0.768449
0.932431
0.925866
0.709548
0.908308
0.478515
0.123614
0.232824
0.166116
0.708457
0.666232
0.243985
0.246567
0.14862
0.162455
0.411383
0.0542081
0.495243
0.704065
0.635212
0.346703
0.346192
0.887183
0.822136
0.218357
0.249544
0.519157
0.474407
0.211719
0.34202
0.716402
0.172129
0.228495
0.588339
0.632582
0.315998
0.169109
0.267508
0.0581425
0.604098
0.689896
0.238534
0.343625
0.975669
0.937541
0.959703
0.856593
0.0650922
0.965356
0.267384
0.682497
0.269431
0.677932
0.389254
0.131355
0.0877639
0.0436897
0.99728
0.99355
0.996628
0.987876
0.724625
0.510086
0.999999
0.999999
1
0.999983
0.998973
0.999835
0.994242
0.994884
0.998764
0.238059
0.610591
0.597765
0.164285
0.769189
0.407226
0.556357
0.757083
0.771293
0.467917
0.259502
0.983656
0.982729
0.215395
0.995377
0.992953
0.995021
0.929936
0.982297
0.980323
0.952869
0.639183
0.96985
0.63789
0.709395
0.880192
0.93399
0.693033
0.293522
0.899898
0.895306
0.0710057
0.899319
0.708585
0.621644
0.911038
0.918213
0.977576
0.235212
0.883217
0.882267
0.228623
0.477168
0.275603
0.346271
0.718591
0.72199
0.352669
0.272134
0.999993
0.613679
0.950587
0.990498
0.987652
0.927331
0.876415
0.961266
0.950572
0.990495
0.987651
0.927327
0.876467
0.961286
0.18228
0.574164
0.151923
0.328926
0.955203
0.976896
0.99821
0.971414
0.996142
0.994765
0.971303
0.996118
0.994736
0.998198
1
1
1
0.776087
0.897437
0.820748
0.769404
0.758198
0.884603
0.982727
0.90874
0.956003
0.703085
0.703098
0.686927
0.297434
0.283031
0.298401
0.999928
0.998453
0.276902
0.293319
0.237201
0.212356
0.987051
0.98218
0.799686
0.0573394
0.45925
0.836565
0.223339
0.134864
0.202999
0.556843
0.806276
0.703795
0.157542
0.330111
0.465985
0.868304
0.733637
0.336398
0.513783
0.162155
0.998264
0.999638
0.992157
0.998237
0.897125
0.981251
0.900031
0.977861
0.99584
0.999348
0.995769
0.999319
0.998267
0.992176
0.998244
0.242969
0.26886
0.0752025
0.179172
0.961876
0.834833
0.90739
0.994499
0.988189
0.983475
0.239448
0.219842
0.0603617
0.148183
0.159667
0.970054
0.984436
0.998598
0.984401
0.998594
0.159667
0.575602
0.970026
0.997637
0.994733
0.997501
0.99403
0.0610957
0.512458
0.795111
0.494458
0.66374
0.255647
0.311902
0.99127
0.987518
0.293373
0.0966764
0.623771
0.326005
0.383422
0.217143
0.610137
0.21727
0.610374
0.999919
0.383422
0.99985
0.727296
0.802838
0.999854
0.999858
0.727298
0.802842
1
0.965327
0.991529
0.849264
0.859621
0.850281
0.991537
0.802113
0.846477
0.930284
0.793534
0.92929
0.42411
0.23415
0.745851
0.78624
0.973155
)
;
    }
}


// ************************************************************************* //
