/*--------------------------------*- C++ -*----------------------------------*\
| =========                 |                                                 |
| \\      /  F ield         | OpenFOAM: The Open Source CFD Toolbox           |
|  \\    /   O peration     | Version:  2206                                  |
|   \\  /    A nd           | Website:  www.openfoam.com                      |
|    \\/     M anipulation  |                                                 |
\*---------------------------------------------------------------------------*/
FoamFile
{
    version     2.0;
    format      ascii;
    arch        "LSB;label=32;scalar=64";
    class       volScalarField;
    location    "0";
    object      thickness;
}
// * * * * * * * * * * * * * * * * * * * * * * * * * * * * * * * * * * * * * //

dimensions      [0 0 0 0 0 0 0];

internalField   uniform 0;

boundaryField
{
    defaultFaces
    {
        type            empty;
    }
    inlet
    {
        type            fixedValue;
        value           uniform 0;
    }
    inlet2
    {
        type            fixedValue;
        value           uniform 0;
    }
    outlet
    {
        type            fixedValue;
        value           uniform 0;
    }
    walls
    {
        type            fixedValue;
        value           nonuniform List<scalar> 
8834
(
0
0
0
0
0
0
0
0
0
0
0
0
0
0
0
0
0
0
0
0
0
0
0
0
0
0
0
0
0
0
0
0
0
0
0
0
0
0
0
0
0
0
0
0
0
0
0
0
0
0
0
0
0
0
0
0
0
0
0
0
0
0
0
0
0
0
0
0
0
0
0
0
0
0
0
0
0
0
0
0
0
0
0
0
0
0
0
0
0
0
0
0
0
0
0
0
0
0
0
0
0
0
0
0
0
0
0
0
0
0
0
0
0
0
0
0
0
0
0
0
0
0
0
0
0
0
0
0
0
0
0
0
0
0
0
0
0
0
0
0
0
0
0
0
0
0
0
0
0
0
0
0
0
0
0
0
0
0
0
0
0
0
0
0
0
0
0
0
0
0
0
0
0
0
0
0
0
0
0
0
0
0
0
0
0
0
0
0
0
0
0
0
0
0
0
0
0
0
0
0
0
0
0
0
0
0
0
0
0
0
0
0
0
0
0
0
0
0
0
0
0
0
0
0
0
0
0
0
0
0
0
0
0
0
0
0
0
0
0
0
0
0
0
0
0
0
0
0
0
0
0
0
0
0
0
0
0
0
0
0
0
0
0
0
0
0
0
0
0
0
0
0
0
0
0
0
0
0
0
0
0
0
0
0
0
0
0
0
0
0
0
0
0
0
0
0
0
0
0
0
0
0
0
0
0
0
0
0
0
0
0
0
0
0
0
0
0
0
0
0
0
0
0
0
0
0
0
0
0
0
0
0
0
0
0
0
0
0
0
0
0
0
0
0
0
0
0
0
0
0
0
0
0
0
0
0
0
0
0
0
0
0
0
0
0
0
0
0
0
0
0
0
0
0
0
0
0
0
0
0
0
0
0
0
0
0
0
0
0
0
0
0
0
0
0
0
0
0
0
0
0
0
0
0
0
0
0
0
0
0
0
0
0
0
0
0
0
0
0
0
0
0
0
0
0
0
0
0
0
0
0
0
0
0
0
0
0
0
0
0
0
0
0
0
0
0
0
0
0
0
0
0
0
0
0
0
0
0
0
0
0
0
0
0
0
0
0
0
0
0
0
0
0
0
0
0
0
0
0
0
0
0
0
0
0
0
0
0
0
0
0
0
0
0
0
0
0
0
0
0
0
0
0
0
0
0
0
0
0
0
0
0
0
0
0
0
0
0
0
0
0
0
0
0
0
0
0
0
0
0
0
0
0
0
0
0
0
0
0
0
0
0
0
0
0
0
0
0
0
0
0
0
0
0
0
0
0
0
0
0
0
0
0
0
0
0
0
0
0
0
0
0
0
0
0
0
0
0
0
0
0
0
0
0
0
0
0
0
0
0
0
0
0
0
0
0
0
0
0
0
0
0
0
0
0
0
0
0
0
0
0
0
0
0
0
0
0
0
0
0
0
0
0
0
0
0
0
0
0
0
0
0
0
0
0
0
0
0
0
0
0
0
0
0
0
0
0
0
0
0
0
0
0
0
0
0
0
0
0
0
0
0
0
0
0
0
0
0
0
0
0
0
0
0
0
0
0
0
0
0
0
0
0
0
0
0
0
0
0
0
0
0
0
0
0
0
0
0
0
0
0
0
0
0
0
0
0
0
0
0
0
0
0
0
0
0
0
0
0
0
0
0
0
0
0
0
0
0
0
0
0
0
0
0
0
0
0
0
0
0
0
0
0
0
0
0
0
0
0
0
0
0
0
0
0
0
0
0
0
0
0
0
0
0
0
0
0
0
0
0
0
0
0
0
0
0
0
0
0
0
0
0
0
0
0
0
0
0
0
0
0
0
0
0
0
0
0
0
0
0
0
0
0
0
0
0
0
0
0
0
0
0
0
0
0
0
0
0
0
0
0
0
0
0
0
0
0
0
0
0
0
0
0
0
0
0
0
0
0
0
0
0
0
0
0
0
0
0
0
0
0
0
0
0
0
0
0
0
0.00176651
0.0128811
0.0143682
0.00313485
0.014434
0.0143681
0.0144474
0.0125526
0.00176651
0.0128811
0.00755982
0.0139387
0.0142136
0.0144348
0.00755982
0.0139387
0.00895192
0.0144356
0.014434
0.0136048
0.0136022
0.0136139
0.014445
0.0143265
0.0144421
0.0133867
0.0144431
0.0144404
0.0129703
0.00825426
0.0143535
0.00299996
0.0142959
0.0144502
0.014302
0.0143089
0.0144503
0.0142951
0.0537729
0.0558166
0.0578247
0.0544922
0.0578247
0.011195
0.0155192
0.0113274
0.0096775
0.0144508
0.0074507
0.0144525
0.00374443
0.0287687
0.0118976
0.0265739
0.021339
0.0228743
0.0486458
0.0360776
0.0146987
0.0159587
0.0310096
0.0384784
0.0457296
0.0303985
0.0333431
0.0432388
0.031012
0.0337303
0.0393095
0.0144193
0.0568205
0.0547187
0.0507948
0.0508239
0.0538911
0.0442391
0.0564249
0.02716
0.0271243
0.0555835
0.0480863
0.0550014
0.0506476
0.057794
0.0576789
0.0574123
0.0566244
0.0336451
0.0577744
0.0125171
0.0577276
0.0577263
0.0576602
0.0573921
0.0578244
0.0578226
0.0578167
0.0569468
0.0350617
0.0578242
0.0144556
0.0138153
0.0127969
0.00241034
0.0578236
0.0578232
0.0578093
0.0578157
0.0578244
0.0578247
0.0578246
0.0569818
0.0578247
0.0334241
0.0578247
0.0144484
0.0144496
0.0144386
0.0144559
0.0578247
0.0460558
0.0577984
0.0578246
0.0578246
0.0578247
0.0578247
0.0574939
0.0469138
0.0578247
0.0197446
0.0228751
0.0578247
0.053264
0.0578247
0.0578154
0.0578247
0.0578247
0.0578247
0.0578247
0.0578012
0.0578247
0.0465789
0.0466726
0.0476182
0.0578247
0.0578243
0.0578247
0.0578247
0.0578221
0.0578247
0.0576799
0.0578247
0.0578247
0.056559
0.0578247
0.0578247
0.0578247
0.0578247
0.0578247
0.0578247
0.057823
0.0578247
0.0578247
0.0578246
0.0576085
0.0578224
0.0578231
0.0576154
0.0578088
0.0578246
0.0578246
0.0578236
0.0577972
0.0578176
0.055965
0.0578081
0.0577489
0.0451362
0.0422905
0.0575803
0.0578207
0.0570177
0.0478545
0.0181558
0.0519795
0.0555701
0.0471773
0.0193957
0.0570693
0.0564137
0.0445145
0.0411225
0.0483214
0.0389822
0.0184832
0.00962401
0.00698576
0.0292866
0.0410225
0.00788964
0.00392885
0.00702642
0.00326933
0.00342313
0.0145268
0.0144539
0.0144539
0.00291699
0.0167683
0.0150818
0.0159167
0.0135303
0.0284535
0.0259542
0.022868
0.0209169
0.0443783
0.0144042
0.0511591
0.0554763
0.0137796
0.0208372
0.0288005
0.0388468
0.041928
0.0127665
0.0544327
0.0534161
0.0466386
0.04761
0.0474044
0.0487742
0.0540432
0.0444592
0.0430189
0.0340676
0.0459407
0.0563501
0.0560074
0.0489164
0.0552033
0.0337351
0.0353493
0.0288892
0.0241005
0.0520317
0.0493171
0.0441351
0.0538995
0.0343531
0.0175291
0.0249864
0.0408866
0.0335245
0.0445968
0.0546653
0.0151269
0.0422579
0.037421
0.0333685
0.0487348
0.055643
0.00579119
0.0188998
0.0430211
0.0347368
0.0282587
0.0385879
0.0498786
0.00218004
0.0277301
0.0313105
0.0205123
0.00332901
0.0289934
0.0322033
0.0238505
0.00648237
0.0223011
0.0144403
0.0140902
0.0127753
0.0144424
0.0144132
0.0144131
0.0107107
0.0107416
0.0144424
0.0144411
0.0125181
0.0144478
0.0144496
0.00770154
0.0167913
0.0144472
0.0167911
0.00769987
0.014451
0.014451
0.0144555
0.0144561
0.0144553
0.0144561
0.0144561
0.0144561
0.0144409
0.0144409
0.0144562
0.0144562
0.0127732
0.0144434
0.0127755
0.0138627
0.0144401
0.0144434
0.0144511
0.0218643
0.0215793
0.00428417
0.0034688
0.00907935
0.0171108
0.0144407
0.0260347
0.0171179
0.0090788
0.0260353
0.0217799
0.00744765
0.00833978
0.00745832
0.00718265
0.0144511
0.0218643
0.0215793
0.0175028
0.00428417
0.0271259
0.0139238
0.0139233
0.0135785
0.00267486
0.0144531
0.014456
0.0132427
0.00109844
0.00829901
0.00308266
0.00829993
0.0144559
0.00337435
0.00110314
0.00979182
0.0144551
0.0144404
0.0142772
0.00337367
0.0121973
0.0115794
0.0129432
0.00907211
0.00648638
0.0238714
0.0144519
0.0144513
0.00648935
0.00907224
0.00646842
0.0121888
0.0158486
0.0133538
0.0135624
0.0113428
0.0220971
0.00631468
0.0144524
0.0238645
0.0144518
0.014451
0.00907173
0.012943
0.0144355
0.01444
0.0144343
0.0136607
0.0144344
0.0120201
0.00648789
0.0144531
0.014456
0.0132462
0.00109563
0.0144049
0.0144455
0.0135765
0.00267923
0.0144499
0.0143169
0.0144069
0.0022237
0.0125309
0.014435
0.0138368
0.00308311
0.002224
0.0144428
0.0144558
0.0144436
0.0121974
0.01158
0.0011031
0.00979124
0.0122881
0.0138024
0.014447
0.0143531
0.0135739
0.0135767
0.0144561
0.0144558
0.0136133
0.0129428
0.0144282
0.0129319
0.0136022
0.00516044
0.0140785
0.0146945
0.0143238
0.00578886
0.00442155
0.0144516
0.0144509
0.0147481
0.0144561
0.0123976
0.0147316
0.00993591
0.0119503
0.00193471
0.000973077
0.0107244
0.0144513
0.01445
0.0143591
0.00315544
0.0144535
0.0144471
0.00317349
0.00329459
0.0144558
0.0144562
0.014455
0.0144561
0.0144324
0.0127827
0.0143754
0.0144432
0.00601713
0.0144173
0.0144474
0.00601345
0.0144476
0.00601345
0.00887504
0.00862636
0.0123973
0.00601713
0.0144173
0.0144142
0.0144554
0.0144548
0.00172683
0.00172672
0.00120676
0.00315605
0.00120678
0.0144474
0.0144534
0.00317342
0.00329473
0.0144264
0.0144555
0.0144506
0.0144557
0.0144522
0.0144559
0.0135295
0.0135413
0.0124499
0.0144562
0.0144561
0.0144561
0.0144561
0.0144562
0.0144562
0.0144562
0.0144562
0.0144562
0.01444
0.0127781
0.0127782
0.0119544
0.0142994
0.00981336
0.0127824
0.0144402
0.014431
0.0144428
0.0063434
0.0146946
0.0144454
0.00775508
0.0119503
0.0019347
0.00441913
0.00993606
0.0147316
0.00633173
0.0119482
0.0144353
0.0140463
0.0160815
0.0150386
0.0140463
0.0160811
0.0150383
0.0144353
0.0144509
0.0147481
0.00633188
0.006485
0.0105921
0.00775508
0.00441916
0.00442157
0.00805969
0.0063434
0.0146946
0.0140785
0.0146945
0.0143238
0.00578886
0.00678287
0.00342339
0.013863
0.00782071
0.0035949
0.00932322
0.0144547
0.0144505
0.00342355
0.0138629
0.00280027
0.0138019
0.00348213
0.00360782
0.00560746
0.00393287
0.00848064
0.0137669
0.00890935
0.002497
0.0141131
0.0136999
0.00318881
0.00848149
0.0137525
0.00890984
0.00249705
0.0141076
0.0136994
0.00258921
0.0138387
0.0137363
0.00349165
0.00521262
0.00775916
0.0144454
0.0144402
0.0025895
0.0138381
0.0137349
0.00376277
0.00348371
0.01434
0.0140322
0.0142924
0.0135228
0.0144044
0.0135688
0.0144045
0.0135601
0.0113383
0.0113391
0.0144518
0.0114982
0.00480977
0.0147731
0.0144561
0.0144517
0.014773
0.0144561
0.0144561
0.0115181
0.00383812
0.0131292
0.00997075
0.00446124
0.0112739
0.0141425
0.00985337
0.00463405
0.0055657
0.0144492
0.01439
0.0144559
0.0114938
0.00477872
0.00997047
0.0144561
0.0144513
0.0144558
0.0144559
0.0147725
0.0144561
0.0144513
0.0147724
0.0144561
0.0144561
0.00996899
0.0115178
0.00383924
0.0140154
0.0143977
0.0144255
0.0144354
0.0144492
0.0115955
0.0142748
0.0142729
0.0137455
0.0142841
0.0136942
0.00713315
0.00661067
0.0144403
0.0144348
0.0119622
0.00813268
0.0144332
0.00863087
0.0142136
0.0144332
0.0144403
0.0119622
0.00813268
0.0142841
0.0136942
0.00713315
0.00661068
0.0115955
0.0137455
0.0144501
0.0144547
0.0144531
0.00348237
0.00360913
0.00560717
0.00393589
0.00113236
0.0144413
0.0144505
0.0144488
0.00782447
0.00359651
0.00932435
0.00113251
0.0144522
0.0144071
0.00318946
0.0144473
0.0144514
0.00376309
0.00348406
0.00349156
0.00521228
0.00775883
0.0141345
0.0135505
0.014442
0.0144562
0.0144562
0.0144561
0.0144561
0.0144562
0.0144562
0.0144562
0.0144561
0.0144561
0.014017
0.014293
0.0140089
0.014024
0.0140184
0.0129702
0.0144284
0.0144304
0.014014
0.0144558
0.0144549
0.0144554
0.0144559
0.0144511
0.0144556
0.0144559
0.0144511
0.0144556
0.0144138
0.0144334
0.0143343
0.0143777
0.014424
0.014299
0.0143772
0.014424
0.0142985
0.0144374
0.014453
0.0144372
0.0144343
0.014337
0.0144415
0.0144462
0.0144556
0.0144416
0.0144488
0.0124278
0.0138847
0.014453
0.0144536
0.0144544
0.0144561
0.014453
0.0144561
0.0144562
0.0144561
0.0144558
0.014033
0.0124239
0.0138839
0.0144561
0.0144562
0.0144561
0.0144557
0.0144083
0.0143515
0.0143737
0.0135524
0.0144561
0.0144562
0.0144559
0.0144562
0.0144555
0.014444
0.0144562
0.0144562
0.0144561
0.0144562
0.00759334
0.0138155
0.0213684
0.0226432
0.0295338
0.0334732
0.0330076
0.0435188
0.0451453
0.0289901
0.0299756
0.0451454
0.0435188
0.0342439
0.0334699
0.0226435
0.0295285
0.0317599
0.0138161
0.00768347
0.0213702
0.00759319
0.0269316
0.0330326
0.0264153
0.0399835
0.0351483
0.0203107
0.00497809
0.0381723
0.0144034
0.0337923
0.0464949
0.0498857
0.0433361
0.0530654
0.0526657
0.0557333
0.0562531
0.0303995
0.0291813
0.0515535
0.0562528
0.0557311
0.0485343
0.045703
0.0544056
0.0529946
0.0364888
0.0484297
0.0512707
0.0344667
0.0159588
0.0403411
0.0212673
0.0408745
0.0310538
0.0465217
0.0445649
0.0259607
0.0439405
0.0457992
0.0495376
0.045416
0.0542852
0.0527711
0.0226949
0.0483979
0.0425326
0.0138005
0.0367596
0.0381736
0.0377799
0.0558802
0.0506239
0.0571461
0.0573135
0.0568795
0.0575166
0.0574702
0.0577271
0.0577662
0.0572995
0.0577661
0.0577263
0.0563516
0.0576206
0.057486
0.0571041
0.0572566
0.0490672
0.05337
0.0552716
0.0518303
0.0563884
0.0537888
0.0569656
0.0562417
0.0570808
0.0574519
0.0562918
0.0576173
0.05748
0.0525787
0.0570487
0.0564305
0.0501015
0.0556569
0.0558804
0.0558304
0.0577583
0.0573908
0.0548863
0.0578074
0.0578124
0.0578155
0.0577941
0.0578187
0.0578212
0.0578178
0.0578234
0.0578241
0.0144552
0.0143293
0.0578111
0.0578241
0.0578233
0.0577678
0.057821
0.0578178
0.0577282
0.057812
0.0578124
0.0541981
0.0548886
0.0571017
0.057559
0.0577807
0.0578104
0.0578156
0.0576192
0.0577852
0.057814
0.0577679
0.0578214
0.057818
0.0575406
0.0578044
0.0577807
0.0573598
0.0574123
0.0577494
0.0577583
0.0577526
0.0578239
0.0578246
0.0578239
0.0578246
0.00964324
0.00971855
0.0128188
0.0578246
0.0578247
0.0578247
0.0070974
0.0139926
0.0578246
0.0578247
0.0578247
0.00858261
0.0578244
0.0578241
0.0578247
0.0578246
0.0578235
0.0578246
0.0578246
0.0548811
0.057174
0.0578203
0.0578242
0.0578238
0.0578246
0.057805
0.0578218
0.0578241
0.0578245
0.0578246
0.0578196
0.0578245
0.0578243
0.0578157
0.0578239
0.057824
0.0578239
0.0578246
0.0294358
0.0578247
0.0578247
0.0144471
0.0144525
0.0144535
0.0144562
0.0578247
0.0578247
0.0578247
0.0144332
0.0144562
0.014322
0.0144548
0.014283
0.0578247
0.0578247
0.0578247
0.0113646
0.0578247
0.0578247
0.0578247
0.0292792
0.0578247
0.0578247
0.0578247
0.054168
0.0486479
0.0549672
0.0571629
0.0578246
0.0578247
0.0578247
0.0578247
0.0576185
0.0578208
0.0578044
0.0578247
0.0578245
0.0578247
0.0578247
0.0578247
0.0578247
0.0578246
0.0578246
0.0578247
0.0578247
0.0578247
0.0578247
0.0578247
0.0578247
0.0578247
0.0578247
0.0578247
0.0332217
0.0578247
0.0578247
0.0578247
0.0578247
0.0578247
0.0578247
0.0578247
0.0332432
0.0578247
0.0578247
0.0578247
0.0385858
0.0578247
0.0578247
0.0578247
0.0563703
0.0573615
0.0577236
0.0578247
0.0578247
0.0578247
0.0578247
0.057802
0.0578223
0.0578247
0.0578247
0.0578247
0.0578247
0.0578247
0.0578247
0.0578247
0.0578247
0.0578247
0.0578247
0.0578247
0.0578247
0.0578247
0.0578247
0.0578247
0.0578247
0.0578247
0.0578247
0.0578247
0.0578247
0.0578247
0.0578247
0.0578247
0.0578247
0.0578247
0.0578247
0.0578247
0.0578247
0.0560015
0.0571265
0.0578247
0.0578247
0.0578247
0.0577063
0.0578247
0.0578247
0.0578247
0.0578246
0.0578247
0.0578247
0.0578247
0.0578247
0.0578247
0.0578247
0.0578247
0.0578247
0.0578247
0.0578247
0.0578247
0.0578247
0.0578247
0.0578247
0.0578247
0.0578247
0.0578247
0.0578247
0.0574261
0.0577885
0.0578247
0.0578247
0.057589
0.0578247
0.0578246
0.0578245
0.0578246
0.0578246
0.0578247
0.0578247
0.0578246
0.0578246
0.0572401
0.0576958
0.0578247
0.0578245
0.0573467
0.057673
0.0577701
0.0578247
0.0578243
0.0578242
0.057789
0.0578243
0.0578247
0.0578247
0.0578242
0.0578238
0.0578241
0.0578245
0.0578247
0.0578247
0.0578247
0.0578247
0.0578246
0.0578246
0.0578246
0.0578245
0.0578238
0.0578247
0.0578088
0.0578247
0.0577837
0.0578245
0.0547598
0.0578228
0.057816
0.0569676
0.0563527
0.057801
0.057809
0.0578229
0.057278
0.0578101
0.0577954
0.0578222
0.057511
0.0578212
0.0577859
0.0577197
0.0578231
0.057818
0.0575281
0.0578119
0.0574977
0.0578247
0.0578246
0.0578236
0.0578231
0.0578218
0.057814
0.0578043
0.0578048
0.0576579
0.0577232
0.0578081
0.0578244
0.0578231
0.0578125
0.0576368
0.0577813
0.0571927
0.0569695
0.0569582
0.0576189
0.0576742
0.0568481
0.0571
0.0575463
0.0571838
0.0566576
0.0565947
0.0555173
0.0510392
0.0576444
0.0553677
0.0455195
0.0455737
0.0577548
0.0577394
0.0578068
0.057793
0.0577229
0.0576715
0.057711
0.0575182
0.0573455
0.0563038
0.0564548
0.0547753
0.0501694
0.0549085
0.0565379
0.0553548
0.0114389
0.0490944
0.0547384
0.0425008
0.0402638
0.0413262
0.0531254
0.0396031
0.0550391
0.0438827
0.0527735
0.0442144
0.0308771
0.034433
0.0112061
0.0540428
0.0547282
0.0544827
0.0426756
0.0244772
0.0207777
0.0572224
0.0548502
0.0518401
0.0309627
0.00611545
0.0135933
0.0240335
0.00892759
0.0320184
0.0185644
0.0118374
0.0450275
0.018633
0.0430563
0.0476589
0.0202727
0.0306577
0.0332703
0.0261668
0.0134981
0.0106654
0.0048555
0.0114866
0.00242516
0.00793344
0.00800648
0.00508229
0.0029488
0.00502976
0.00511234
0.0045233
0.00580365
0.00260521
0.00613919
0.0183427
0.0132893
0.0147954
0.00861259
0.0043127
0.0111107
0.0104931
0.0111551
0.0143899
0.00130752
0.014881
0.02722
0.0134283
0.0225507
0.0140785
0.00124933
0.00481553
0.0276969
0.0135355
0.00287174
0.0183505
0.017899
0.00638922
0.0166291
0.0272183
0.025453
0.022876
0.0221164
0.0261807
0.0272603
0.0277482
0.0182458
0.00438417
0.0268358
0.0257516
0.0212496
0.0270491
0.0281672
0.0277836
0.021644
0.0272661
0.0207096
0.0019296
0.0258202
0.0117229
0.00872719
0.00201694
0.0265274
0.0274909
0.00856209
0.00616552
0.0104412
0.0280797
0.0280576
0.0234412
0.0278155
0.0288275
0.00873952
0.0284236
0.0260876
0.0116001
0.00247213
0.0163131
0.00771324
0.00941356
0.0129358
0.0186203
0.0206549
0.0267114
0.0272613
0.0175271
0.00715252
0.0470944
0.00412461
0.0262519
0.0179736
0.0310756
0.0323429
0.02992
0.00996666
0.032291
0.0299415
0.028857
0.0286439
0.0267324
0.0123734
0.0326601
0.0170017
0.029237
0.0285832
0.0403608
0.0373042
0.0318366
0.0395031
0.0254538
0.0455085
0.0412348
0.0372722
0.0493712
0.0462391
0.0288838
0.0398291
0.0338599
0.0218632
0.0335821
0.0340309
0.0337767
0.0355804
0.0441266
0.0490589
0.0481308
0.0334211
0.0401944
0.0334211
0.0406787
0.0335006
0.0409738
0.0564987
0.0486805
0.0494642
0.049633
0.0519589
0.0556229
0.0533536
0.0438587
0.0439735
0.0433882
0.0429006
0.0428787
0.046162
0.0439592
0.0465765
0.033013
0.0274699
0.0486219
0.0474839
0.0381636
0.048921
0.0485003
0.0434534
0.0485035
0.0489506
0.0569245
0.0566143
0.0460718
0.0475368
0.0393059
0.0515276
0.0494363
0.0339518
0.0359213
0.0289119
0.0325907
0.0289084
0.039196
0.0274723
0.0182351
0.0441262
0.0182588
0.0421684
0.0534558
0.0552569
0.0449609
0.0507457
0.0552548
0.0512491
0.0241072
0.0421585
0.0182539
0.0487905
0.0492718
0.0289087
0.0358464
0.0284058
0.0275517
0.0447005
0.0487088
0.0555731
0.0527775
0.0541041
0.052241
0.0540784
0.0525849
0.0548615
0.0481941
0.0349566
0.0509802
0.0530201
0.0285343
0.0298436
0.0114425
0.00488298
0.0026021
0.0150148
0.00495499
0.0505145
0.049368
0.0490044
0.0438888
0.0383357
0.0498184
0.0382788
0.0423376
0.0518574
0.0387703
0.0448407
0.0350147
0.0539779
0.0542022
0.0530899
0.031315
0.0453105
0.0312096
0.0117548
0.0211345
0.00536913
0.0186796
0.0288189
0.0469429
0.042341
0.0355942
0.0391269
0.0128183
0.0381517
0.0385684
0.0373074
0.0353893
0.0234981
0.0329803
0.0146993
0.0493793
0.0422227
0.0295079
0.0363455
0.0283737
0.0188711
0.0072347
0.0175357
0.0285689
0.0175997
0.0288553
0.0175097
0.0327992
0.0340361
0.0229758
0.0306352
0.0227152
0.0256987
0.0166462
0.0324298
0.0299099
0.0284382
0.027074
0.0270598
0.0160809
0.0144562
0.0144561
0.0144561
0.0144561
0.0144561
0.00982585
0.0140438
0.00307212
0.0115788
0.01376
0.0142547
0.00962593
0.0090739
0.0102118
0.0129312
0.0136259
0.0144557
0.0144535
0.0132571
0.0140097
0.0139432
0.0119476
0.0119475
0.0139504
0.0139462
0.0144517
0.0144516
0.0144253
0.0144013
0.0144562
0.0144516
0.0144549
0.0144514
0.0139852
0.013115
0.0144541
0.0144512
0.00401199
0.00200798
0.00896464
0.00510384
0.0230884
0.0169409
0.0115636
0.00500707
0.0230883
0.0169409
0.0115641
0.00500683
0.00401198
0.00200798
0.00896461
0.00510383
0.0110923
0.01445
0.0143291
0.0116232
0.0144559
0.0144556
0.0141754
0.0110897
0.00858266
0.0121122
0.01271
0.0138131
0.014266
0.0127105
0.0144461
0.013793
0.0142656
0.0121122
0.0113638
0.0143222
0.00337764
0.00897282
0.014455
0.0144497
0.00337755
0.00897187
0.00534222
0.0144036
0.0137733
0.0144154
0.0143495
0.0128128
0.0144503
0.0138587
0.010946
0.0104583
0.0102732
0.0111647
0.0144547
0.0104695
0.0144544
0.0144532
0.0144552
0.0144554
0.0130836
0.0144517
0.0131672
0.0144281
0.00988948
0.0144479
0.0141663
0.0144552
0.0131492
0.0144559
0.0144556
0.0144558
0.0144559
0.0142569
0.0144224
0.0144317
0.0144457
0.0140211
0.014263
0.0144551
0.0144556
0.0141239
0.0135475
0.0143233
0.014335
0.0144227
0.0144447
0.0144412
0.0144552
0.0144412
0.0144552
0.0144553
0.0144411
0.0144457
0.0144562
0.0144562
0.0144562
0.0144561
0.0144562
0.014443
0.0144156
0.0144495
0.00863592
0.0108196
0.01153
0.0144552
0.0144478
0.0144501
0.0144554
0.0144562
0.0144561
0.0144561
0.0144531
0.0125473
0.0144552
0.0144417
0.0142729
0.0134577
0.014291
0.0142995
0.0133837
0.0144186
0.0142711
0.0115077
0.0140022
0.0137302
0.0144562
0.0144561
0.0144562
0.0144559
0.0144561
0.0122799
0.0111686
0.0121734
0.00339613
0.00906156
0.0123819
0.0138442
0.00918694
0.0125989
0.0124112
0.00339625
0.00906147
0.00269976
0.0123815
0.013844
0.0126181
0.0122693
0.0111545
0.0121053
0.00863594
0.0108198
0.01153
0.0107033
0.0136401
0.0130905
0.013811
0.0131391
0.013434
0.0092815
0.00856583
0.013162
0.012427
0.0120731
0.0138082
0.0131181
0.0134287
0.00928172
0.0085657
0.013162
0.012427
0.0120726
0.0138214
0.0107033
0.01364
0.0130904
0.00334116
0.0123236
0.0138417
0.0138137
0.00334213
0.0087205
0.012323
0.0138403
0.0121355
0.0138118
0.0144487
0.0143937
0.0144482
0.0144401
0.0142348
0.0144148
0.014454
0.0144541
0.0144559
0.0144561
0.0144562
0.0144562
0.0144555
0.00680282
0.0139199
0.00366965
0.0141482
0.0127474
0.0136113
0.0144517
0.0138865
0.0144556
0.0132278
0.0143949
0.0144535
0.0144559
0.0178592
0.0119002
0.00846688
0.0135545
0.0123481
0.0125811
0.0106242
0.0033774
0.0106358
0.0252875
0.0092991
0.00607112
0.0259094
0.0188258
0.0246619
0.0194626
0.0253423
0.0125243
0.0217247
0.0197667
0.0279913
0.0287105
0.0288117
0.0288004
0.0285456
0.0280548
0.0284072
0.0144198
0.0144527
0.0144476
0.0144037
0.0141787
0.0144559
0.0144535
0.0144492
0.0144464
0.0143777
0.014427
0.0144326
0.0143049
0.0141162
0.0129531
0.0143746
0.0137253
0.0139827
0.0144097
0.0142488
0.0142435
0.0144419
0.0139518
0.0125066
0.0138961
0.0124932
0.0139586
0.0139006
0.0144258
0.0142762
0.0144045
0.0144302
0.0132707
0.0143422
0.0135625
0.0138894
0.0144533
0.00862713
0.0121247
0.0120394
0.0086285
0.0121249
0.0120396
0.010906
0.0144562
0.0144562
0.0144562
0.0144562
0.0144559
0.014456
0.0144034
0.014456
0.0144503
0.0144473
0.0144473
0.0107115
0.0107299
0.0144562
0.0144562
0.0141743
0.0144417
0.014455
0.0144551
0.0141775
0.014443
0.0143141
0.0144534
0.0144548
0.0143221
0.0144358
0.0138096
0.0142588
0.0115853
0.0142382
0.0144085
0.0139464
0.0144549
0.0144493
0.0144547
0.00385951
0.0104811
0.00407022
0.00907627
0.00927377
0.0110028
0.00521489
0.00908258
0.0110617
0.0141999
0.00345632
0.00997465
0.0137785
0.0142746
0.0131966
0.0144495
0.0142293
0.0144092
0.0144473
0.0144031
0.0144492
0.0136281
0.0144445
0.0144561
0.0144555
0.0144562
0.0144465
0.0129255
0.0136414
0.0144555
0.0144561
0.0144422
0.0143225
0.0144343
0.0257837
0.0245388
0.00524967
0.00652402
0.0161965
0.0179864
0.0216538
0.0144862
0.0177333
0.021665
0.00607628
0.00666357
0.0106942
0.00378397
0.014401
0.0107491
0.0146024
0.0147812
0.0118217
0.00430089
0.00158556
0.0080878
0.0142715
0.013899
0.0132841
0.014087
0.0112306
0.00647982
0.014454
0.0144254
0.0144536
0.00686183
0.0135587
0.0104894
0.00372169
0.00941447
0.012031
0.00316621
0.0100786
0.00125565
0.00563387
0.00894185
0.015394
0.014414
0.0143049
0.0119921
0.00993707
0.00123187
0.0129548
0.0160443
0.0091422
0.0244394
0.0230437
0.0124149
0.00897535
0.00895392
0.00621124
0.00772609
0.00643944
0.0140046
0.00261936
0.00927497
0.026714
0.0281578
0.0276735
0.0277534
0.0170439
0.0159245
0.0259999
0.00483017
0.0121719
0.00535907
0.0031007
0.0111305
0.0276571
0.0264519
0.0260308
0.0282524
0.0259939
0.0266977
0.00777463
0.00208933
0.00684142
0.0123956
0.00588533
0.00636608
0.0107432
0.0236079
0.0278592
0.00601455
0.0112046
0.00991734
0.0285287
0.0287967
0.0275582
0.0276262
0.0284305
0.0261976
0.0201551
0.0250886
0.0220933
0.0267697
0.0276494
0.0212858
0.02158
0.0272707
0.0264769
0.027282
0.0284302
0.0141891
0.0168094
0.00488218
0.0232681
0.0259727
0.0271555
0.0270143
0.0265688
0.0286349
0.0265783
0.00933121
0.0194295
0.0286079
0.0257691
0.0288119
0.0288075
0.0285482
0.0284541
0.0276259
0.02772
0.0253151
0.0278073
0.0268386
0.0283573
0.0282111
0.0264798
0.0280178
0.0268288
0.0283532
0.0281834
0.0144561
0.0144562
0.0144562
0.0144562
0.0144561
0.0144562
0.014456
0.0144561
0.0144551
0.0144558
0.0144561
0.0144547
0.0144548
0.0144381
0.0144504
0.0144233
0.0144136
0.0143931
0.0138466
0.0142617
0.0143417
0.0144204
0.0144511
0.0144028
0.0143905
0.0143032
0.0144193
0.0144511
0.0142196
0.0143208
0.0144351
0.0120615
0.0136344
0.0131996
0.0141521
0.0143824
0.0144418
0.0143844
0.0143232
0.0144344
0.013786
0.0138068
0.0124308
0.0123766
0.0121936
0.010502
0.0136078
0.0131235
0.0109654
0.0120185
0.0119134
0.00886443
0.014275
0.0139114
0.0133369
0.0141035
0.012672
0.0113158
0.0144523
0.0144386
0.0143952
0.0143137
0.0144546
0.0144115
0.0144558
0.0138126
0.0142374
0.0144488
0.0144552
0.00984726
0.0132198
0.011061
0.0144196
0.0144522
0.0144476
0.0143707
0.0196971
0.02121
0.0236138
0.0072426
0.00761506
0.014387
0.0141353
0.0144418
0.0140459
0.0141558
0.0139926
0.0128355
0.0128426
0.0144029
0.0144462
0.0144544
0.0144519
0.0144557
0.0144549
0.0144562
0.0144562
0.0144332
0.0143455
0.0144562
0.0144562
0.0207867
0.0171647
0.0154734
0.0184438
0.0149926
0.004103
0.00212565
0.00633992
0.00546129
0.0110792
0.0141224
0.0143313
0.0139042
0.0132975
0.00748616
0.0082551
0.00715128
0.0120155
0.0204131
0.0212676
0.01558
0.0238745
0.0122491
0.0014623
0.00603506
0.0196931
0.0247399
0.0245299
0.0189217
0.00812596
0.00592953
0.00730714
0.00270234
0.0131381
0.0172
0.0195637
0.0233419
0.0130566
0.0128562
0.00287931
0.00874054
0.00222736
0.0262044
0.0283279
0.0138494
0.0142699
0.014456
0.0144562
0.0144562
0.0138072
0.0138381
0.0127924
0.0144532
0.0144333
0.0144535
0.0144527
0.0134336
0.0136591
0.0118056
0.0119938
0.0109108
0.00245683
0.00612351
0.00988088
0.0144562
0.0144562
0.0144411
0.0144449
0.014124
0.014446
0.0144031
0.0127017
0.0138048
0.0142866
0.0144561
0.014453
0.0144558
0.0144406
0.0144388
0.0144021
0.0144562
0.0144556
0.0144561
0.0143152
0.0132069
0.0138287
0.0130119
0.0138324
0.0139907
0.0121234
0.00920607
0.00870347
0.014235
0.0134212
0.0143066
0.0136958
0.0140975
0.0136629
0.013248
0.0138358
0.0140844
0.0132622
0.0138168
0.0143656
0.014193
0.0144462
0.0144026
0.0144509
0.0144195
0.0144558
0.0144562
0.0144562
0.0144562
0.0144383
0.0144079
0.0144562
0.0144556
0.0104513
0.0101445
0.0133778
0.0144441
0.0144434
0.0138222
0.0143111
0.0135531
0.0135545
0.0141338
0.0127374
0.0129303
0.0133432
0.00968284
0.00650572
0.010651
0.010363
0.0125853
0.00328061
0.0185621
0.00579692
0.0147746
0.0103374
0.00239298
0.0125588
0.0144364
0.0144549
0.014456
0.0144562
0.0144562
0.0142015
0.0144017
0.0144215
0.0144523
0.014456
0.0113242
0.0144431
0.0144544
0.0144503
0.00596066
0.00911396
0.00263224
0.0144524
0.0131858
0.00615698
0.00957779
0.0104808
0.0144168
0.0143357
0.0132423
0.0155262
0.00979814
0.0128894
0.00748029
0.018177
0.0207337
0.00863726
0.00574498
0.00100294
0.00637986
0.0137412
0.013078
0.0130056
0.00632347
0.00755787
0.00721672
0.0136818
0.0131883
0.016435
0.00201906
0.00578649
0.00178862
0.00658055
0.0104074
0.0144704
0.00654696
0.0175532
0.00180493
0.0197493
0.0112346
0.0097768
0.0185643
0.0204689
0.0238018
0.0239171
0.0276081
0.00670391
0.0234629
0.0212843
0.0165004
0.0150377
0.00757163
0.0137076
0.0266098
0.0285079
0.0281758
0.0161799
0.0233777
0.0185266
0.0170796
0.00711399
0.0129779
0.00720566
0.00293662
0.00260998
0.0150269
0.0186953
0.0167521
0.0162369
0.0132339
0.0104825
0.00914301
0.0097979
0.0104812
0.00914287
0.0144263
0.00848715
0.0144557
0.0144517
0.0141435
0.0140907
0.00784673
0.0100638
0.00571428
0.0144437
0.0144545
0.0144505
0.0160637
0.0234959
0.0176736
0.0233145
0.0170773
0.0113022
0.0119636
0.00397198
0.0128248
0.0144354
0.0143357
0.0144369
0.00363344
0.00620258
0.0145607
0.00618041
0.0187217
0.0172675
0.0127298
0.0144031
0.0172582
0.0175175
0.00784383
0.0100562
0.00570546
0.0033699
0.00912432
0.00886688
0.00789244
0.0136873
0.0117677
0.00625553
0.0113079
0.0144264
0.0144518
0.0144488
0.0239565
0.0171634
0.021206
0.0252736
0.019484
0.0133805
0.0137353
0.0117732
0.00632475
0.00788849
0.0144264
0.0144518
0.0144488
0.0113082
0.0212057
0.025275
0.0194844
0.0157424
0.0239598
0.0171647
0.0175177
0.0172582
0.00784387
0.0100563
0.00570581
0.0164049
0.0226813
0.0216314
0.0150582
0.00263737
0.00995237
0.0172676
0.0187218
0.0131784
0.0135077
0.00263384
0.00363359
0.00618038
0.00620257
0.00147188
0.00396318
0.00784673
0.0100638
0.00571429
0.0113242
0.0144437
0.0144545
0.0144505
0.0234959
0.0176736
0.0233145
0.0170773
0.0144431
0.0144544
0.0144503
0.0113022
0.0163945
0.0100192
0.0139322
0.0119636
0.00498038
0.00911396
0.00397198
0.0128248
0.0142559
0.0124627
0.0144441
0.00981492
0.00346815
0.0142808
0.0174423
0.0172349
0.0142801
0.0173582
0.00590399
0.0107987
0.0139762
0.0109787
0.00896035
0.0128866
0.0107796
0.00993493
0.00855533
0.0117675
0.0119434
0.00855651
0.0119434
0.0128893
0.0199282
0.0132659
0.00812041
0.00919304
0.0144222
0.0144017
0.0132678
0.0199115
0.0144537
0.0144457
0.00323224
0.0144559
0.0144555
0.0144543
0.0139096
0.0111767
0.0126674
0.0142873
0.0143786
0.013978
0.00342388
0.023461
0.0185401
0.0171272
0.0144476
0.0144526
0.014455
0.014455
0.0164101
0.0144511
0.0144548
0.0144546
0.0144509
0.00908294
0.0034301
0.00342378
0.00696188
0.00794775
0.00121924
0.0127768
0.00988199
0.0101325
0.00635298
0.008121
0.0113875
0.0107611
0.00505224
0.0132018
0.0140978
0.012681
0.0136316
0.0141407
0.0124128
0.0135035
0.01405
0.0124289
0.0127298
0.00799903
0.0074188
0.0100094
0.00516448
0.0125845
0.00839273
0.0161987
0.0144529
0.014455
0.0079354
0.00688656
0.00908611
0.00343088
0.0144548
0.0169553
0.0234771
0.0185369
0.0171364
0.0144553
0.0144526
0.014455
0.014455
0.0164098
0.0144508
0.0144547
0.0144545
0.0144295
0.0144509
0.00711177
0.0128541
0.00908252
0.00342987
0.00342351
0.0144558
0.0144554
0.0128905
0.0107845
0.00994062
0.0109742
0.0138874
0.0144525
0.0144541
0.00812001
0.00919232
0.0141673
0.0129169
0.0140134
0.0143153
0.0141198
0.0143927
0.014456
0.0144554
0.0143695
0.0144439
0.0144489
0.0143331
0.0142805
0.0135208
0.0135202
0.0142942
0.0143356
0.0143321
0.0143333
0.0144185
0.014271
0.0115129
0.0140026
0.0137312
0.0144562
0.0144559
0.0144558
0.0144511
0.0144556
0.0144561
0.0144562
0.0144562
0.0144561
0.0144562
0.0144562
0.00179147
0.0128234
0.0144066
0.0142569
0.0144255
0.00217664
0.0112702
0.00964185
0.0104076
0.0144512
0.0144544
0.0122441
0.0102322
0.0117884
0.00290942
0.00357637
0.00493435
0.00580617
0.0081913
0.0143047
0.0135449
0.0138148
0.011637
0.01076
0.00781097
0.00765203
0.00337853
0.0047095
0.00797077
0.0122005
0.010885
0.0122771
0.0144501
0.0144554
0.014456
0.0144561
0.014456
0.0144561
0.0144562
0.0144561
0.01076
0.00781097
0.00765203
0.00322431
0.00442889
0.0144071
0.0142571
0.0144257
0.0128182
0.00218682
0.00337853
0.00797077
0.010885
0.013191
0.00932089
0.0117591
0.0135449
0.0138148
0.011637
0.00217599
0.0144515
0.0144514
0.0144548
0.0144546
0.0144546
0.00493436
0.00290943
0.00357638
0.00580617
0.00188569
0.00360218
0.00899681
0.0128145
0.0139759
0.0143641
0.0143862
0.0144335
0.0128796
0.0143641
0.0143862
0.0144335
0.0128147
0.0144512
0.0144544
0.00188567
0.0144546
0.0144515
0.0144548
0.0144546
0.0112702
0.00964185
0.00982527
0.0104076
0.00251538
0.00468795
0.00217604
0.00197708
0.00217664
0.00274634
0.00322431
0.00442889
0.00179147
0.0128234
0.0144071
0.0144257
0.0144066
0.0142569
0.0144255
0.0128182
0.00218682
0.013191
0.0093209
0.0117591
0.0129395
0.0129621
0.0144364
0.0143326
0.0144343
0.0142389
0.0144252
0.0141401
0.0138036
0.0143232
0.0144444
0.0142809
0.0139316
0.0143439
0.0144446
0.0142824
0.014415
0.0139324
0.0144477
0.0133587
0.0131526
0.00347185
0.0144544
0.0144535
0.0144552
0.0144521
0.0144548
0.0144548
0.0144545
0.013177
0.00745195
0.00347027
0.00347339
0.0132787
0.0131318
0.00347077
0.00395153
0.0139225
0.0132992
0.0131501
0.0074492
0.010348
0.00707675
0.0035414
0.0127375
0.0129373
0.0142383
0.0132234
0.0137025
0.0142188
0.0130087
0.013533
0.0124092
0.0024554
0.00106778
0.00323395
0.0144383
0.0144458
0.0144553
0.0131362
0.00744632
0.00347058
0.00395135
0.0144552
0.0144544
0.0144543
0.0144493
0.0144539
0.0144554
0.0144535
0.0144553
0.0144518
0.0144547
0.0144547
0.0144544
0.00346992
0.00942934
0.00394999
0.0139495
0.0134007
0.0131775
0.00745245
0.0143626
0.0144558
0.0143623
0.0144559
0.0144554
0.014371
0.0138984
0.0143384
0.0144549
0.0144561
0.0227051
0.0188928
0.0144289
0.0144333
0.0112447
0.0144512
0.0144468
0.0125176
0.0134672
0.00755201
0.00541437
0.018205
0.0133816
0.0108842
0.0132126
0.0144558
0.0144508
0.0143121
0.0144237
0.0242891
0.0242258
0.022043
0.024883
0.0141709
0.0205485
0.00346878
0.0129084
0.00424639
0.00132108
0.00424293
0.00764684
0.0158518
0.0157042
0.00908352
0.00519437
0.00959785
0.0150932
0.00366958
0.00576127
0.00799513
0.0164161
0.00135565
0.00223772
0.00540155
0.0107318
0.0110238
0.0122535
0.0132527
0.0106062
0.00640818
0.00101834
0.00373735
0.00984867
0.0039668
0.00395914
0.0144462
0.0138576
0.0134196
0.0116415
0.0125762
0.01299
0.0116448
0.00695921
0.0111638
0.0138962
0.0143229
0.0141209
0.0132834
0.0128366
0.0116647
0.00672786
0.0110536
0.0161101
0.0180339
0.0136138
0.0078492
0.0159614
0.0104518
0.0166501
0.0126745
0.0188099
0.0224792
0.0264324
0.0253808
0.0250992
0.00612364
0.0170764
0.00829824
0.0167841
0.00194976
0.0142776
0.00728758
0.00846452
0.0283759
0.0277824
0.0243177
0.0201346
0.0141446
0.00425921
0.0103512
0.00776495
0.0258156
0.0241692
0.0218673
0.0276441
0.0133166
0.0177808
0.0195423
0.0103355
0.0269754
0.0277611
0.0279414
0.0162398
0.0173696
0.0193165
0.0220642
0.00442313
0.0105518
0.0252918
0.0165667
0.00235338
0.00621802
0.00113295
0.0274181
0.0283563
0.0247233
0.0228049
0.0288553
0.0280055
0.0286689
0.0267698
0.01965
0.020534
0.0243514
0.0260569
0.0240891
0.0227463
0.0261787
0.0258676
0.0248708
0.0247541
0.0238073
0.0229294
0.0210972
0.00663931
0.0280798
0.0163542
0.0063836
0.0228815
0.026234
0.028191
0.0115041
0.0132305
0.00254745
0.0268674
0.017619
0.0180107
0.0056675
0.0213028
0.00882674
0.0260086
0.0241586
0.0107324
0.0145745
0.00525493
0.02435
0.0284636
0.0287583
0.0283636
0.0286259
0.0288154
0.0265363
0.0148928
0.0268098
0.028206
0.0285318
0.0270499
0.0286285
0.0270306
0.0276947
0.00544313
0.00126391
0.00238336
0.00111945
0.0134385
0.0283596
0.0142692
0.0191671
0.0133349
0.0192098
0.0113889
0.0209303
0.0288781
0.0287469
0.0288423
0.0288862
0.028518
0.0256916
0.0282848
0.0288381
0.0288515
0.0287903
0.0209206
0.00904685
0.0259236
0.0281488
0.0266947
0.0211715
0.0289119
0.0288893
0.0289087
0.0281951
0.0284988
0.0255496
0.0277482
0.0137077
0.0219838
0.00553704
0.0214628
0.026095
0.0247434
0.0171114
0.0206836
0.0197441
0.0236568
0.0144557
0.0144561
0.0144552
0.0144519
0.0132382
0.0125381
0.0105736
0.0143811
0.0143562
0.0141757
0.0142758
0.0130682
0.0138709
0.0121843
0.0138228
0.00924129
0.00374735
0.00350611
0.0091888
0.00338684
0.00346945
0.00318351
0.00693159
0.011583
0.0142838
0.0140102
0.0144471
0.0142765
0.0142126
0.0133016
0.0143662
0.0136222
0.0105677
0.010476
0.0106963
0.0144304
0.0144014
0.014274
0.0142666
0.0138681
0.0142957
0.0141087
0.0141229
0.0142282
0.0144561
0.0144468
0.0144005
0.0144521
0.0144247
0.0140853
0.014093
0.0144075
0.0144319
0.0139965
0.00928266
0.0106629
0.0132716
0.00330265
0.00323987
0.0127906
0.0105116
0.0127428
0.0140641
0.00302778
0.00317204
0.0141295
0.014343
0.0140586
0.0127651
0.0132385
0.0140439
0.0127097
0.0144413
0.0131945
0.0143765
0.0144134
0.0133816
0.0108843
0.0132132
0.0141295
0.014343
0.0142977
0.0144542
0.0144559
0.0143129
0.0142177
0.0126754
0.0138107
0.0138945
0.0144454
0.0142984
0.0144197
0.0141018
0.014397
0.0144468
0.0144311
0.014327
0.0144486
0.0142347
0.0139087
0.00123912
0.00645525
0.0052827
0.00793911
0.00813987
0.00358697
0.0141511
0.0130413
0.0134361
0.013893
0.0124624
0.00457944
0.00123138
0.00370168
0.010137
0.00413176
0.00565079
0.00373411
0.0144442
0.0144544
0.014455
0.0144527
0.0137528
0.014157
0.0144544
0.0144396
0.0144418
0.0132018
0.0142087
0.0143278
0.00979335
0.0131478
0.0143681
0.0144551
0.014448
0.0144545
0.014456
0.0144515
0.0144482
0.0144343
0.0128687
0.0140683
0.0144555
0.0144561
0.0144561
0.0144559
0.0138411
0.0126253
0.0123726
0.00389099
0.00379307
0.00678129
0.00974094
0.0132545
0.0110827
0.014283
0.0138561
0.0139389
0.0143448
0.0141428
0.0139343
0.0144412
0.0142502
0.0144372
0.0136309
0.012388
0.0142776
0.0102693
0.00614451
0.0141049
0.0136267
0.0132161
0.00649889
0.0144562
0.0144562
0.0144562
0.014456
0.0144562
0.0144562
0.0144562
0.0144535
0.014223
0.0144548
0.0144554
0.0144443
0.0144198
0.0144535
0.0144029
0.014446
0.0104305
0.0129303
0.00748128
0.0144562
0.0144562
0.0144562
0.0137969
0.0143097
0.0136801
0.0144554
0.0144549
0.0144481
0.014455
0.0144561
0.0144562
0.0144492
0.0144541
0.0144559
0.0142188
0.0144052
0.01439
0.0137343
0.0142504
0.0110192
0.010989
0.0127686
0.0124389
0.0108498
0.0129317
0.00551104
0.0114881
0.00769506
0.0142518
0.0144298
0.0144473
0.0143889
0.0144543
0.0144349
0.014454
0.00986846
0.00388522
0.00990059
0.0125104
0.00668421
0.0110911
0.00688131
0.0127907
0.0111318
0.0120537
0.0123391
0.0139591
0.0144277
0.014452
0.0144465
0.0142103
0.0131609
0.0131607
0.0142094
0.0144473
0.0140137
0.0142834
0.0144545
0.0144543
0.0144559
0.0144562
0.0144561
0.0144559
0.014456
0.0144562
0.014054
0.0129149
0.0142618
0.0131429
0.0144561
0.0144557
0.0144538
0.0144533
0.0137169
0.0141016
0.0131865
0.00391077
0.0014274
0.0039599
0.0144506
0.0129014
0.00692342
0.0112044
0.0111967
0.0141858
0.0143256
0.012534
0.00947511
0.00585658
0.003117
0.0106685
0.00400562
0.0136805
0.0128512
0.0131549
0.0132574
0.0107853
0.0106664
0.0125508
0.0114262
0.0135547
0.0128859
0.0144374
0.0143003
0.0138775
0.013759
0.01409
0.0141096
0.0124836
0.00463819
0.00353259
0.00339036
0.00770821
0.0118826
0.0112902
0.00352531
0.0101423
0.0133955
0.011698
0.00811815
0.0066521
0.00580003
0.0127626
0.0112311
0.00383017
0.00836031
0.00705448
0.00233255
0.00215066
0.00332832
0.0136556
0.012799
0.0137775
0.00825527
0.00610707
0.00317017
0.00301079
0.000721486
0.0014371
0.00732006
0.00713859
0.00532255
0.00775726
0.00359061
0.00217346
0.014366
0.0144448
0.0143751
0.0144469
0.00275914
0.00784233
0.00542353
0.00186126
0.00135261
0.00485359
0.00399948
0.00144642
0.0130366
0.00868389
0.0140245
0.0123328
0.0140553
0.000721531
0.0123643
0.0100742
0.00580458
0.00854466
0.00293183
0.0112539
0.0106392
0.00258657
0.023822
0.0219151
0.0282892
0.0211982
0.0265509
0.027852
0.0233036
0.0239927
0.0111453
0.0171404
0.0136124
0.0136569
0.00578906
0.00581112
0.0271543
0.0240569
0.0236688
0.0271255
0.0232543
0.0233722
0.0124135
0.0125892
0.0205187
0.0264533
0.0262637
0.0222155
0.0269582
0.0267674
0.0275653
0.00702686
0.00741398
0.0148903
0.00887956
0.0060698
0.0053617
0.00737279
0.00328377
0.0122515
0.00726423
0.0190415
0.00734446
0.02784
0.00903237
0.0144198
0.0271298
0.0232564
0.0233798
0.0139629
0.0143552
0.0143627
0.027142
0.0236427
0.0139617
0.0143551
0.0143624
0.0142321
0.00444193
0.00132609
0.01346
0.0139377
0.00164193
0.0144561
0.0111838
0.00968926
0.0104164
0.0135545
0.0142561
0.0127513
0.00825439
0.0117383
0.0134208
0.0139087
0.0127513
0.00416684
0.00503272
0.00106698
0.0144232
0.000688952
0.0144558
0.0104164
0.0142863
0.0117319
0.0134652
0.0112446
0.00989494
0.0134654
0.0144557
0.00485485
0.0144558
0.00106698
0.00576973
0.00825439
0.00444193
0.00132609
0.0117383
0.01346
0.0139377
0.0134208
0.0139087
0.0112655
0.00534378
0.0131412
0.0126042
0.0132353
0.0125836
0.0132297
0.00473525
0.0107264
0.0144493
0.0144551
0.0144529
0.0144555
0.00450194
0.0106223
0.0120117
0.00862282
0.0109092
0.00941254
0.009003
0.00892688
0.00704952
0.00252348
0.0144326
0.0142602
0.0144558
0.00471868
0.0106193
0.0144558
0.0144559
0.0144555
0.0144559
0.014456
0.0144559
0.0144529
0.0144555
0.00433357
0.0260869
0.0129766
0.0142684
0.0259452
0.0239925
0.0233031
0.0271789
0.0278526
0.0266146
0.028289
0.0266159
0.0211994
0.0265516
0.0266403
0.0268301
0.0219156
0.0259445
0.0238214
0.00422286
0.0260868
0.0114015
0.00519073
0.00258659
0.00314202
0.0129759
0.0255382
0.0198348
0.0106421
0.024736
0.0209759
0.0263923
0.00977258
0.00377008
0.0038601
0.00389258
0.00985159
0.00397977
0.0111612
0.0111543
0.00695453
0.00383201
0.00975489
0.00916674
0.0056916
0.00421606
0.00463378
0.0101057
0.0151329
0.00881027
0.0170564
0.0187133
0.0176144
0.0123603
0.0194579
0.0101412
0.0114313
0.00243234
0.0101726
0.0226292
0.0183266
0.00515696
0.00808229
0.00759589
0.0017437
0.0160686
0.0194058
0.00782028
0.0224888
0.0253011
0.0281538
0.0280234
0.0280185
0.0153697
0.0207661
0.0253032
0.0246316
0.00481647
0.00585211
0.00176309
0.0117063
0.00712913
0.0185674
0.00694551
0.0044924
0.00422758
0.00168013
0.0262597
0.0281911
0.0289123
0.0289123
0.0289123
0.00686084
0.028912
0.0288897
0.0289095
0.0287975
0.0288303
0.0288931
0.00688288
0.0176539
0.0172318
0.0246679
0.0245613
0.0263331
0.0177713
0.0241715
0.0273073
0.0282757
0.0288183
0.0287187
0.0287767
0.0268903
0.0283989
0.0283448
0.0171414
0.0158227
0.00857897
0.0129185
0.00424694
0.0105169
0.0126796
0.0133549
0.0139188
0.0144549
0.0144559
0.0144555
0.0144488
0.0144271
0.0143288
0.0142136
0.00916646
0.00352957
0.0144561
0.0144562
0.00333863
0.0095308
0.00901279
0.0142078
0.0139386
0.00651246
0.0124484
0.0122528
0.0123991
0.0120919
0.000815469
0.00232773
0.00409346
0.0104183
0.00905421
0.009097
0.0144355
0.0144288
0.00858911
0.0038087
0.00962461
0.00337105
0.00769284
0.00381877
0.00967597
0.00378145
0.0097546
0.0098823
0.00361353
0.00383549
0.0139645
0.012708
0.0127755
0.0139253
0.0135786
0.0131605
0.0126594
0.00927638
0.00386814
0.00976021
0.00383835
0.00501622
0.00224853
0.00157678
0.00249275
0.00453411
0.00884459
0.00352673
0.00620197
0.0119926
0.00350051
0.00915064
0.00325218
0.00350027
0.00915084
0.0032519
0.00256527
0.00110998
0.00105668
0.00482885
0.0021621
0.00687663
0.00277671
0.00114304
0.0035558
0.0139505
0.0127502
0.00402617
0.0160842
0.0286829
0.0286826
0.0148474
0.0288795
0.0288767
0.0280937
0.00400298
0.00358975
0.00189517
0.00231504
0.00231783
0.00189517
0.00217059
0.028908
0.0289083
0.00415145
0.00521777
0.0036371
0.00744734
0.00995219
0.0142284
0.0144407
0.0144354
0.0144369
0.009791
0.0144508
0.00243311
0.0129258
0.0229476
0.0194301
0.0299741
0.0330081
0.024245
0.0233481
0.0118975
0.0393099
0.0310118
0.0255696
0.030632
0.0515542
0.0526656
0.028908
0.0359883
0.0486457
0.0360775
0.0146994
0.0562417
0.0550014
0.0557332
0.0559591
0.0291824
0.0265798
0.0281878
0.0573016
0.0574699
0.0271049
0.0273774
0.0568634
0.0359478
0.0508241
0.0528007
0.0568205
0.0547186
0.0507956
0.0577573
0.0576603
0.0576816
0.0577318
0.0577517
0.0142955
0.0578113
0.0578178
0.0140151
0.0577926
0.0494668
0.0566227
0.0573386
0.057794
0.0576789
0.0578093
0.0578156
0.0578201
0.0578223
0.0578235
0.0578246
0.0578246
0.014435
0.00365655
0.0352652
0.0518926
0.0463422
0.056947
0.0577073
0.0578244
0.0578226
0.0578167
0.0578207
0.0577983
0.0541613
0.0578247
0.0578247
0.0108541
0.0578247
0.0578247
0.0126152
0.0578247
0.0578247
0.0569836
0.0578247
0.0578244
0.0578247
0.0578154
0.0532653
0.0578247
0.0578247
0.0578247
0.0578247
0.0296208
0.0275657
0.0578247
0.0578247
0.0216284
0.0578247
0.0578247
0.057494
0.057746
0.0578246
0.0578247
0.0578243
0.0578247
0.0577064
0.0578247
0.0578247
0.049477
0.0578247
0.0578247
0.0578247
0.0526703
0.0578012
0.0578202
0.0578247
0.0578247
0.0578247
0.0578247
0.0578247
0.0578247
0.0578247
0.0578247
0.0578247
0.0570394
0.0542971
0.0571339
0.0567193
0.0571787
0.0578246
0.0578247
0.0578246
0.0578247
0.0578238
0.0565598
0.0578244
0.0578207
0.0577981
0.057798
0.0578247
0.0578214
0.0576856
0.0578181
0.0578153
0.0577942
0.0576838
0.0565653
0.0501725
0.0538701
0.0573357
0.0559247
0.0577763
0.0578191
0.0574904
0.0558799
0.0575106
0.0569572
0.0574134
0.056069
0.00433554
0.00526302
0.0419737
0.0569657
0.0559397
0.0571796
0.0374949
0.0348676
0.0160269
0.0483958
0.0337949
0.0129652
0.0515454
0.0431021
0.00388461
0.0292928
0.00751004
0.0173836
0.0120661
0.0050896
0.0107978
0.00493393
0.0250841
0.00188626
0.0144562
0.0144562
0.00818038
0.0184741
0.00893863
0.0211393
0.00791359
0.0215321
0.0249946
0.00913999
0.0285208
0.013356
0.023897
0.0197525
0.00422189
0.0275207
0.0248681
0.026549
0.0257951
0.0155179
0.0302401
0.017211
0.0279602
0.0153733
0.0276055
0.0283012
0.0253103
0.0266785
0.0279252
0.051495
0.0433285
0.0140401
0.0116301
0.0279789
0.0304801
0.0373097
0.0137501
0.028758
0.0282395
0.028868
0.0287671
0.0513158
0.0496026
0.038138
0.0335006
0.0529763
0.0475592
0.043073
0.0550629
0.0340742
0.043298
0.0381663
0.0565154
0.0571
0.0334481
0.0532242
0.0258765
0.0555645
0.0534557
0.0553023
0.0182376
0.00655123
0.0356077
0.0288899
0.00184764
0.049503
0.0522809
0.055567
0.051624
0.0247885
0.0402191
0.0182652
0.00310127
0.00706345
0.0261735
0.0489265
0.0407419
0.0501887
0.0117726
0.0269453
0.00948032
0.0209538
0.0411337
0.0352859
0.0311007
0.0386783
0.00767697
0.0113928
0.0288611
0.0288681
0.0261623
0.0316139
0.0337858
0.0109141
0.00711632
0.0183571
0.00596683
0.0277801
0.0229185
0.0222397
0.0200797
0.0164044
0.0149578
0.013231
0.00619263
0.0238443
0.0127525
0.0144397
0.0144411
0.0123973
0.00252918
0.0107416
0.0107417
0.00887504
0.0144474
0.0144229
0.00863298
0.0107104
0.00862612
0.0125524
0.0144327
0.00252667
0.0143603
0.00252667
0.0144474
0.0144229
0.0107417
0.00863299
0.00252919
0.0144555
0.0139136
0.0143497
0.00112075
0.0028025
0.0144412
0.00314902
0.0142351
0.00241065
0.00280267
0.00112074
0.00849205
0.00849211
0.010854
0.0134068
0.0144131
0.0143168
0.0175028
0.009791
0.00578056
0.0186114
0.00409028
0.00521632
0.00745832
0.0100247
0.00718201
0.0098149
0.00371857
0.00308412
0.0184866
0.0171621
0.014455
0.0104443
0.00833954
0.0106251
0.0144531
0.0216314
0.0131782
0.0193039
0.00578014
0.0217764
0.0186565
0.00414829
0.0143216
0.00414839
0.0193038
0.00578019
0.0186585
0.0144525
0.0144531
0.0184866
0.0074507
0.00371857
0.0171621
0.00308412
0.0036371
0.0106252
0.0104448
0.00578056
0.0186114
0.00415145
0.00409028
0.00521777
0.00521633
0.0100247
0.00540351
0.0144558
0.014447
0.000594093
0.00790719
0.0103418
0.0144488
0.0144548
0.014445
0.0144475
0.00310953
0.007908
0.00540342
0.01271
0.0137264
0.00365655
0.011469
0.011469
0.0126153
0.0121708
0.0144431
0.00323047
0.0121709
0.0144528
0.0144525
0.00862647
0.0124534
0.00863083
0.020454
0.0227841
0.0220373
0.0144294
0.017871
0.0160212
0.0141472
0.0118265
0.014258
0.0049636
0.0117908
0.0159992
0.0233058
0.0231916
0.0231578
0.0220224
0.022779
0.0200303
0.013607
0.0129377
0.0144469
0.0144399
0.0129343
0.00667083
0.00915686
0.0143788
0.0121914
0.0140788
0.0136902
0.0136888
0.0121977
0.0120201
0.00947946
0.00648789
0.00661013
0.0144344
0.00902746
0.0034592
0.0136606
0.0121499
0.0120785
0.0135928
0.01215
0.0144343
0.00947946
0.00661016
0.0121914
0.0142748
0.0136902
0.0142729
0.0136888
0.0121977
0.0144558
0.014445
0.0144468
0.0144554
0.00793362
0.0126963
0.0131555
0.0103273
0.00793005
0.00961755
0.0128268
0.00323041
0.0140259
0.014326
0.0143792
0.0140292
0.0144562
0.0144562
0.0144561
0.0144556
0.0144562
0.0144552
0.0144412
0.0144557
0.0144553
0.0144557
0.0144557
0.0144557
0.0140344
0.0132601
0.0144562
0.0144559
0.0144493
0.0144543
0.0144562
0.0144561
0.0144562
0.0144562
0.0144561
0.014456
0.0144559
0.0144534
0.0144461
0.0144464
0.0144406
0.0129338
0.0143523
0.0143358
0.0143312
0.0023299
0.0144441
0.0144469
0.0144461
0.0144464
0.0144392
0.0144386
0.0144394
0.0129984
0.0140594
0.0166684
0.0144107
0.0112655
0.000973077
0.00678287
0.0107245
0.00534378
0.00887072
0.00197724
0.000689852
0.00612069
0.0102935
0.0103795
0.0111132
0.0102889
0.0108576
0.00361841
0.0127218
0.0060931
0.0131684
0.0142866
0.0144514
0.0144561
0.0144561
0.0144557
0.0144561
0.0144558
0.0144516
0.0144232
0.0144357
0.0137474
0.0143131
0.0027219
0.00682183
0.00116249
0.00543016
0.00775724
0.00350842
0.0144529
0.0144562
0.0144562
0.0144562
0.0144561
0.0144505
0.0144088
0.0138566
0.0144006
0.012778
0.0144142
0.00344139
0.00343734
0.00346746
0.00803309
0.00713119
0.014453
0.0137795
0.00342636
0.0143632
0.0034264
0.0144547
0.00803309
0.0071313
0.00344139
0.00343734
0.00346746
0.0144558
0.00286286
0.00286259
0.0144499
0.0144501
0.0144517
0.0144495
0.00479717
0.00449225
0.00113295
0.000762433
0.014321
0.0143489
0.0144274
0.00479729
0.00449223
0.00113292
0.00163786
0.000762448
0.0144532
0.0144551
0.0132576
0.0144561
0.0144561
0.0144562
0.0144562
0.0144558
0.014454
0.0144561
0.0144561
0.0144562
0.0127793
0.0144113
0.0144462
0.0143963
0.0144063
0.0143687
0.014262
0.010956
0.0141772
0.0142686
0.0144479
0.014439
0.0144497
0.0144469
0.0144088
0.01439
0.0144365
0.014445
0.00805969
0.00691216
0.00790297
0.0027219
0.00682183
0.00235488
0.00543016
0.0137644
0.0130006
0.0138779
0.0143585
0.0122005
0.0114985
0.0120158
0.0093944
0.00468795
0.00521643
0.0105921
0.0144357
0.0135545
0.0142561
0.0143131
0.00197707
0.0144558
0.0144561
0.0144558
0.014456
0.0144514
0.0144561
0.0144557
0.0144557
0.0144561
0.0123976
0.00648527
0.00759003
0.00485495
0.0131675
0.006313
0.00586112
0.00999599
0.0129924
0.0140674
0.0135883
0.0108612
0.00372293
0.0129925
0.013976
0.0140675
0.0117321
0.0120921
0.0144561
0.0144561
0.0144558
0.014456
0.00758998
0.0123977
0.0111132
0.0102935
0.0103795
0.00521643
0.00245048
0.000688958
0.00197724
0.000689855
0.00170177
0.00516044
0.00691216
0.0140788
0.0129984
0.0140594
0.0144454
0.0166684
0.0144107
0.0130006
0.0138779
0.0127571
0.0143585
0.0114985
0.00416684
0.00503271
0.00939441
0.00887072
0.0130669
0.0112932
0.0114829
0.00280088
0.0137624
0.00340801
0.00270065
0.0138297
0.0138312
0.0125329
0.0128429
0.0144541
0.0144533
0.0144524
0.00340581
0.0138382
0.0138327
0.0125436
0.0129092
0.0114615
0.00350838
0.0038735
0.00387356
0.0144506
0.0144509
0.0115494
0.00730709
0.00390524
0.00730955
0.00996955
0.00997269
0.0133963
0.0144458
0.0144043
0.0144537
0.0144561
0.014452
0.0144512
0.013597
0.00997057
0.00433253
0.00997025
0.0114885
0.0041043
0.0138469
0.013613
0.00998401
0.011496
0.00477889
0.00472024
0.0124833
0.0124714
0.00593089
0.00837177
0.00260331
0.0141376
0.014111
0.0101908
0.00748051
0.00275522
0.0139285
0.00331781
0.00101149
0.00924086
0.0116766
0.00913141
0.0144523
0.0144461
0.0121991
0.0144497
0.014456
0.0144556
0.0144558
0.0144534
0.0144537
0.0144561
0.0144517
0.0135969
0.0144512
0.0144269
0.00999446
0.0144484
0.0129664
0.0128022
0.0124711
0.00231002
0.00242218
0.00591013
0.00899811
0.00900084
0.00170095
0.00287199
0.0129345
0.0144338
0.0144338
0.0144504
0.0144342
0.00276105
0.0144492
0.0144426
0.0144531
0.0144546
0.00242537
0.00591215
0.0122074
0.00896366
0.0141645
0.00896373
0.0144531
0.0144547
0.0144492
0.0144426
0.00242538
0.00591217
0.0144338
0.0144504
0.0144342
0.0144338
0.0144504
0.0144514
0.00276105
0.00231002
0.00242218
0.00591013
0.00899811
0.00900084
0.00170095
0.00287199
0.0129345
0.00895192
0.0144539
0.0144531
0.0144526
0.0144544
0.014452
0.00520815
0.00283612
0.000814645
0.00520754
0.00283606
0.00081446
0.00133784
0.00163768
0.0143415
0.0143455
0.0144291
0.0013379
0.0144529
0.0142995
0.0131536
0.0144562
0.0144562
0.0144562
0.0144562
0.0144562
0.0144558
0.0144562
0.0144562
0.0144561
0.0144562
0.0144562
0.0128015
0.0129668
0.0144425
0.0129644
0.0127998
0.0128026
0.0143355
0.0143021
0.00701621
0.0144506
0.012802
0.0144478
0.0144423
0.0127994
0.0129634
0.0144473
0.014377
0.0143449
0.0106928
0.0144543
0.0144464
0.0144559
0.0144561
0.0144559
0.0144562
0.0144561
0.0144562
0.0144562
0.0144517
0.0135893
0.0144562
0.0144558
0.0144562
0.0144559
0.0144561
0.0144558
0.0264153
0.0399836
0.0351484
0.0203108
0.00497812
0.0242171
0.0330327
0.0269319
0.0239349
0.00314201
0.00767939
0.00629051
0.00387398
0.0233481
0.0265403
0.0148474
0.016642
0.00557413
0.0210615
0.0276598
0.0283661
0.0258281
0.0319774
0.0305752
0.0317672
0.0267452
0.0242465
0.0294029
0.0288276
0.0243929
0.0342443
0.0266395
0.019608
0.0260821
0.0256099
0.0228773
0.0289918
0.0312617
0.021333
0.0195993
0.0256027
0.0312619
0.0288273
0.0294029
0.024395
0.0265739
0.0258281
0.0305754
0.0319775
0.02825
0.0265403
0.0205119
0.0229476
0.0142685
0.00387398
0.00557415
0.0210614
0.019431
0.0276587
0.0287687
0.0242171
0.0239349
0.00243312
0.0457993
0.0454161
0.0542853
0.0527712
0.0226949
0.0483979
0.0425325
0.0259609
0.0439405
0.0403408
0.0527798
0.0495376
0.0137972
0.0367528
0.021232
0.0377458
0.0408041
0.0445196
0.0132661
0.0344664
0.0400253
0.0366291
0.0287004
0.0359887
0.038152
0.0429994
0.0516122
0.0289081
0.0309029
0.0285558
0.0485406
0.0544216
0.0333418
0.0291891
0.0303957
0.0303954
0.0306313
0.0289081
0.0285265
0.030879
0.0384791
0.0381222
0.043
0.0400263
0.0255697
0.0132662
0.0286989
0.0283634
0.0527798
0.0562918
0.0576173
0.05748
0.0525787
0.0570488
0.0564305
0.0490665
0.0528006
0.0562948
0.055272
0.0574519
0.0570808
0.0500967
0.0556554
0.0517898
0.055824
0.0564045
0.0480815
0.0533684
0.0505134
0.0541142
0.0571293
0.0363079
0.028085
0.0428332
0.0573984
0.0275426
0.0152365
0.0144311
0.0144029
0.0576274
0.0279273
0.0250466
0.0204563
0.0139888
0.0143233
0.0144243
0.0442362
0.0251269
0.0429228
0.0505341
0.0577034
0.0562946
0.0577679
0.0578214
0.057818
0.0575406
0.0578044
0.0577808
0.0541954
0.057339
0.0576196
0.0571035
0.057814
0.0577852
0.0573596
0.0577494
0.057555
0.0577524
0.057779
0.0494106
0.0577017
0.0578028
0.0249065
0.0143331
0.0139652
0.0140006
0.0128579
0.0140114
0.0062822
0.0143819
0.0141213
0.0144036
0.00380119
0.0062972
0.0142983
0.014392
0.0144441
0.0126367
0.00725544
0.0110483
0.0130568
0.0344639
0.0259099
0.0264961
0.0263861
0.0354406
0.0577573
0.0578222
0.0578241
0.0578245
0.0578246
0.0578196
0.0578245
0.0578243
0.057824
0.0548745
0.0577073
0.0576664
0.0571723
0.0578218
0.0578049
0.0578157
0.0578239
0.0578242
0.0578245
0.0463186
0.0518742
0.0578229
0.0578245
0.0234605
0.0257944
0.0197003
0.0273194
0.0332234
0.0282764
0.0280611
0.0578246
0.00408616
0.00500802
0.00375361
0.0130263
0.0578244
0.0578247
0.00712721
0.00848845
0.00973236
0.0127777
0.00340076
0.00891373
0.023701
0.0264495
0.020657
0.0274719
0.0332462
0.02834
0.0281012
0.0578246
0.0576668
0.0578222
0.0578247
0.0578245
0.0578247
0.0578247
0.0578247
0.0578247
0.0578247
0.057618
0.0576627
0.0571622
0.0578217
0.0578044
0.0578246
0.0578247
0.0578246
0.0578247
0.0578247
0.0460387
0.0486487
0.0549656
0.0578247
0.0578247
0.0284842
0.039371
0.0578247
0.0578247
0.0578247
0.0144464
0.0144549
0.0142837
0.033356
0.027811
0.0277176
0.0393671
0.0576628
0.0578217
0.0578235
0.0578247
0.0578247
0.0578247
0.0578247
0.0578247
0.0578247
0.0563703
0.0577461
0.057802
0.0577236
0.0578244
0.0578223
0.0578247
0.0578247
0.0578247
0.0578247
0.0573619
0.0566825
0.0578247
0.0578247
0.0385854
0.0464462
0.0531618
0.0216295
0.0394649
0.0578247
0.0578247
0.0228758
0.0339175
0.0339137
0.0197411
0.0339259
0.0339454
0.0296219
0.03949
0.0469103
0.0464605
0.0531629
0.0566818
0.0578235
0.0578244
0.0578246
0.0578247
0.0578247
0.0578247
0.0578247
0.0578247
0.0578202
0.0578242
0.0578168
0.0578246
0.0578247
0.0578247
0.0578247
0.0578247
0.0576941
0.0526439
0.056004
0.0571289
0.0578247
0.0473966
0.0548567
0.0540493
0.0578247
0.046591
0.0535398
0.0468306
0.0535698
0.0536398
0.0546965
0.0495515
0.0549376
0.0576939
0.0578168
0.057824
0.0578246
0.0578245
0.0578246
0.0578245
0.0578247
0.0578247
0.0578247
0.0578247
0.0578247
0.0578247
0.0578247
0.0578247
0.0577958
0.0578237
0.0578174
0.0578247
0.0569631
0.057662
0.0566926
0.057532
0.05744
0.0578247
0.0574454
0.0575798
0.057757
0.0578168
0.0578221
0.0578215
0.0578247
0.0578247
0.0578247
0.0578242
0.0578161
0.0578246
0.0578236
0.0578239
0.0578243
0.0578245
0.0578247
0.057824
0.0578243
0.0578211
0.057742
0.0578011
0.0578235
0.0578236
0.0577521
0.0571122
0.0575707
0.0578206
0.0573012
0.056346
0.0578071
0.0541623
0.0528081
0.0535301
0.0554879
0.0577585
0.0577584
0.0578242
0.0578243
0.0578128
0.0572014
0.0562808
0.0517938
0.0577527
0.0574112
0.0576168
0.0577485
0.057771
0.057754
0.0577447
0.0548475
0.0529679
0.0448192
0.0483053
0.0388989
0.0356575
0.0576457
0.0394804
0.0227605
0.0143294
0.0218608
0.0368711
0.0567133
0.0483907
0.0538818
0.0578136
0.0499011
0.0574638
0.0531128
0.0571154
0.0554555
0.0544595
0.0537207
0.0304255
0.0538994
0.0163116
0.0452351
0.0171785
0.0116395
0.0518036
0.0332584
0.0570903
0.0512727
0.04886
0.0469331
0.0241395
0.0154837
0.00402051
0.0114839
0.0186114
0.0229528
0.00962552
0.00193514
0.00692653
0.0130317
0.0238909
0.0246181
0.0228647
0.0247831
0.0346856
0.00733882
0.0190486
0.0161184
0.00812055
0.0032741
0.0173845
0.00215493
0.00565354
0.00558701
0.0257662
0.0239671
0.00112498
0.00244607
0.00502646
0.00785291
0.0127961
0.00498918
0.00566125
0.0131412
0.0148966
0.00620363
0.0143333
0.0268713
0.000756604
0.0016803
0.0168149
0.00920169
0.00115632
0.00554855
0.00295194
0.010082
0.00898045
0.00611531
0.0116579
0.013978
0.0142717
0.0138949
0.0024172
0.00553671
0.00140756
0.000889002
0.00359949
0.00232221
0.00619513
0.00487327
0.0092538
0.00038375
0.000853959
0.0124564
0.00917443
0.0213986
0.00759
0.0213516
0.00676865
0.015749
0.0256906
0.0199915
0.0198187
0.0073051
0.00848263
0.00546156
0.0122376
0.0149455
0.0130476
0.0150945
0.0100621
0.00656203
0.0170586
0.00643612
0.0175916
0.017416
0.0239373
0.0185844
0.00692633
0.00521156
0.0183102
0.00189246
0.0121059
0.0115431
0.0286138
0.0273601
0.0285335
0.00502319
0.026007
0.0208785
0.0269036
0.0130675
0.0190588
0.00406889
0.00789719
0.0146356
0.0231427
0.0180969
0.0192393
0.00604113
0.00963263
0.00533524
0.00416061
0.012342
0.00164705
0.022436
0.0174242
0.0171684
0.0242826
0.0211416
0.0175993
0.0251531
0.0193901
0.0279107
0.0177147
0.0256001
0.0275935
0.0257973
0.0261902
0.0245863
0.0215006
0.0272303
0.0233774
0.00219645
0.00882208
0.00502931
0.00144954
0.00557273
0.00259354
0.00365041
0.00104066
0.00918681
0.0242896
0.015743
0.00679159
0.0180766
0.00622259
0.0167599
0.0042363
0.00941446
0.00446466
0.00691918
0.0185247
0.00698778
0.0190635
0.0111982
0.0203817
0.030711
0.0270974
0.00867852
0.00505743
0.0253688
0.0241508
0.0274672
0.0272457
0.0245346
0.0286361
0.0287714
0.0286837
0.0285357
0.0277221
0.0259922
0.0274517
0.0268945
0.0250231
0.0132019
0.013761
0.0256973
0.0253801
0.0411312
0.044841
0.0526989
0.0532692
0.0145238
0.0104852
0.0327849
0.0369676
0.0342605
0.010758
0.00663643
0.00243204
0.000817031
0.0274357
0.0256602
0.000718767
0.00439063
0.0019586
0.0015358
0.0284995
0.0289109
0.0279322
0.028599
0.0287122
0.0300347
0.0288904
0.0287875
0.0278536
0.0304666
0.0273351
0.0093297
0.0553508
0.0543088
0.0559598
0.0558472
0.0538376
0.0267707
0.0434798
0.0367851
0.0430757
0.0507967
0.0500107
0.0426074
0.0355989
0.0129711
0.0349205
0.028498
0.0277403
0.0288163
0.0286661
0.0350744
0.0342697
0.0288906
0.0288903
0.0289083
0.0344647
0.0419397
0.0465006
0.049452
0.0289084
0.0289049
0.0289113
0.0538747
0.0475114
0.0525168
0.0465555
0.0459805
0.0521177
0.0543725
0.0550941
0.0542629
0.0507998
0.0491452
0.0461436
0.0475292
0.0485164
0.0550644
0.0548173
0.0542234
0.0470643
0.0538099
0.0499017
0.0539443
0.0549419
0.0543603
0.0561532
0.0483502
0.0345566
0.0289119
0.0289084
0.0565747
0.0541842
0.0564784
0.0517472
0.0493407
0.0358952
0.0284846
0.0393819
0.0278087
0.028195
0.0262398
0.039276
0.0567927
0.0566707
0.0556014
0.0559746
0.0546493
0.0546556
0.055635
0.0567449
0.0543361
0.0424675
0.0284846
0.0287816
0.0278087
0.0289081
0.0281335
0.0272798
0.0480961
0.0512815
0.0464562
0.0347878
0.028454
0.027603
0.0218129
0.0173725
0.00553705
0.00655058
0.0551543
0.0535386
0.052347
0.0507431
0.0512563
0.0493121
0.0447649
0.0384348
0.0520777
0.0384384
0.0559754
0.0530032
0.055209
0.0539826
0.0276031
0.0173744
0.021833
0.0258765
0.00686081
0.0262944
0.0300106
0.0231956
0.0142971
0.00942861
0.0462757
0.042247
0.0350512
0.0332847
0.00713218
0.00501092
0.00290237
0.0160035
0.0359928
0.0493779
0.041211
0.0454079
0.033465
0.0395032
0.033465
0.0416344
0.0335245
0.0413076
0.0510994
0.0547849
0.0554951
0.0439553
0.00713505
0.00184975
0.0143273
0.00476441
0.02798
0.0257296
0.0258602
0.0208061
0.0137163
0.0163222
0.0198513
0.0209713
0.0279604
0.00811115
0.0213202
0.0259916
0.0247048
0.00874452
0.0281557
0.0441485
0.0397384
0.0358651
0.0361521
0.0504865
0.0330943
0.0330943
0.0333685
0.0391509
0.0542141
0.0471569
0.0457612
0.0252226
0.0276742
0.0255668
0.00735405
0.00642186
0.0255364
0.0308069
0.0239097
0.02877
0.0288539
0.0192402
0.0199205
0.018638
0.00698283
0.0299688
0.0393608
0.0360502
0.0355039
0.0407118
0.0302706
0.030732
0.0229033
0.0158815
0.045735
0.0220343
0.0420916
0.0421634
0.0130541
0.0171545
0.00597724
0.0175131
0.0284728
0.0282259
0.0270813
0.0270664
0.027622
0.0241387
0.024171
0.0288194
0.021612
0.0261847
0.0246283
0.0249796
0.0265728
0.0261213
0.0255934
0.0258888
0.0259744
0.0275713
0.0247794
0.0175997
0.0246231
0.0305785
0.0182953
0.0249013
0.0259518
0.0217818
0.018351
0.0251626
0.020609
0.022339
0.00833893
0.0186933
0.00802008
0.0212342
0.020017
0.00463381
0.0198436
0.0211961
0.0258309
0.0269297
0.0129881
0.0197566
0.0240951
0.0269185
0.0223137
0.025647
0.0237906
0.0261381
0.0280791
0.0284063
0.0281545
0.0267399
0.0267568
0.026744
0.0242442
0.025881
0.0264511
0.0204847
0.021503
0.0245058
0.0282706
0.0144559
0.0144561
0.0144561
0.01443
0.0144514
0.0144348
0.0144525
0.0143925
0.0144444
0.014316
0.0140704
0.0108417
0.0144019
0.0105777
0.0127133
0.0138949
0.00797676
0.0098414
0.0142552
0.01365
0.012637
0.00921123
0.00942528
0.0105393
0.0144554
0.0126342
0.00921033
0.00942216
0.0140673
0.00967974
0.0107711
0.00797595
0.00984091
0.00340076
0.00891384
0.0167643
0.0144542
0.0144475
0.016313
0.0142974
0.00915677
0.0132203
0.00347495
0.00671512
0.0109056
0.00411158
0.0050082
0.00375537
0.0130584
0.0091569
0.0132203
0.0167204
0.0144476
0.0163173
0.00325097
0.00898076
0.0137942
0.0158499
0.0122039
0.0144536
0.00897993
0.0137941
0.0158497
0.012204
0.00468413
0.0085514
0.00308638
0.00333036
0.00813671
0.0133513
0.0168654
0.0144356
0.0144351
0.0144509
0.0143554
0.010975
0.00630025
0.0127349
0.00258039
0.0029148
0.0106748
0.00896647
0.00618283
0.0117949
0.00922501
0.00270671
0.00350842
0.00794138
0.00247631
0.0144002
0.0142354
0.0144214
0.0144506
0.0143321
0.0144027
0.0101597
0.00676869
0.0144553
0.014456
0.0144559
0.0140901
0.0137448
0.0143908
0.0142211
0.0144346
0.0142693
0.014334
0.0130549
0.014455
0.0142743
0.0144447
0.0142941
0.0144551
0.0144446
0.0141503
0.0169802
0.0170479
0.0141489
0.0169793
0.0170444
0.0172214
0.00336428
0.0089577
0.0104335
0.0086433
0.0101767
0.0121105
0.0134329
0.0122415
0.0144562
0.0144561
0.0144562
0.0144562
0.0144496
0.0144439
0.0142843
0.0144409
0.0144449
0.0144551
0.00992183
0.0132235
0.0106459
0.00832102
0.00840098
0.00900481
0.0123684
0.0127913
0.00870414
0.0116698
0.0124772
0.00901337
0.00898705
0.00904574
0.0123347
0.0123687
0.0123478
0.00376586
0.00676875
0.00975734
0.0135971
0.00901282
0.00898522
0.00904294
0.0123339
0.0123689
0.0123468
0.0116678
0.0124755
0.00918669
0.0124178
0.00376623
0.0097607
0.0108026
0.0136926
0.0099181
0.0131218
0.0106433
0.0083162
0.00837495
0.00849971
0.0120596
0.0119592
0.00858066
0.00336427
0.00895769
0.0104341
0.00864434
0.010177
0.0121105
0.0134329
0.0122416
0.0059388
0.00959049
0.0140459
0.0143748
0.014287
0.0125786
0.0139177
0.0141387
0.0137253
0.0140418
0.0138218
0.0034751
0.013725
0.0140402
0.0059389
0.00959051
0.0140459
0.0143748
0.014287
0.0125785
0.0139177
0.0141387
0.00872076
0.0121371
0.00891221
0.00867794
0.0122514
0.00886448
0.00929978
0.0121775
0.00910895
0.0123306
0.0122786
0.00891226
0.00867796
0.012251
0.00886408
0.00929903
0.0121768
0.00910816
0.0123289
0.0122764
0.0140475
0.0140453
0.013617
0.0144561
0.0116921
0.0142427
0.0144109
0.0144481
0.0144545
0.014456
0.0144561
0.0144562
0.0144562
0.00616921
0.0119556
0.00676562
0.0140302
0.0105147
0.0133015
0.0105147
0.0133016
0.0144561
0.0144536
0.0222371
0.0236216
0.0178598
0.0149935
0.0197991
0.0240567
0.0133986
0.006793
0.00388613
0.00227686
0.00114133
0.00469733
0.0131869
0.0137781
0.01251
0.00995441
0.00345376
0.00913203
0.0124427
0.0284133
0.0271271
0.0286959
0.0279771
0.0281011
0.0144384
0.0144042
0.0143779
0.0141844
0.0144536
0.0144523
0.0143888
0.0142676
0.0143981
0.0138588
0.0144477
0.0141925
0.0123389
0.00671561
0.0123392
0.0144554
0.0144412
0.0144539
0.0144561
0.0144562
0.0144562
0.0144562
0.0144562
0.0144456
0.014454
0.0143693
0.0143976
0.0136646
0.0144063
0.013353
0.0133586
0.0141254
0.000880676
0.0144559
0.0144561
0.0144562
0.0144535
0.0144561
0.0138657
0.0140402
0.0141506
0.0143373
0.0144114
0.0144546
0.014456
0.0144538
0.0144561
0.0143262
0.0143701
0.0139509
0.0140777
0.0144248
0.0143882
0.0144524
0.0144335
0.0144414
0.0143892
0.0140941
0.0140151
0.00672889
0.00354499
0.00925908
0.0104905
0.0124555
0.0130173
0.0138384
0.0144561
0.0144345
0.0243684
0.0244906
0.0247026
0.0263901
0.0242452
0.0251921
0.00693895
0.00650221
0.00740426
0.0134358
0.0141826
0.0100683
0.0127092
0.000923695
0.00681007
0.0150321
0.00590042
0.01677
0.0155821
0.0153256
0.0126517
0.0126867
0.0139905
0.0128107
0.0139758
0.009279
0.00382914
0.00978366
0.00342987
0.0142154
0.0131218
0.0137805
0.0140992
0.011125
0.00647182
0.00363523
0.00939445
0.00830953
0.0103372
0.0046421
0.0105949
0.00669374
0.0125309
0.0126584
0.0118777
0.0137294
0.00670306
0.0072963
0.0135924
0.0133063
0.00642384
0.0121869
0.0130668
0.0142101
0.0132219
0.0141985
0.0135576
0.0107667
0.0131208
0.00896827
0.0100512
0.0130167
0.012939
0.000346716
0.000730466
0.0272579
0.0127918
0.0140017
0.00244137
0.000532671
0.00124389
0.00154842
0.0155941
0.00235314
0.00406231
0.0254045
0.028013
0.0103108
0.0222904
0.0258563
0.0276667
0.0231564
0.025318
0.026616
0.0221534
0.0147537
0.019311
0.0147267
0.00977487
0.00573097
0.00854297
0.00176987
0.0257809
0.0280006
0.00914821
0.0115157
0.0208023
0.00786345
0.00377744
0.00213826
0.0287411
0.0255728
0.0245635
0.0276159
0.0282027
0.0213158
0.00503412
0.0246997
0.0202112
0.0258552
0.0253123
0.0272679
0.0220048
0.0279579
0.0283729
0.0283966
0.00243938
0.0203185
0.0255507
0.0276483
0.0285472
0.0252538
0.0279157
0.0276252
0.0257205
0.0257206
0.0278324
0.0274715
0.0279023
0.0144562
0.0144562
0.0144562
0.0144562
0.0144562
0.0144562
0.0144546
0.0144434
0.014453
0.0144319
0.0144482
0.0144119
0.0144551
0.0144555
0.0144445
0.014393
0.0144501
0.0144195
0.012959
0.0142677
0.0141419
0.0122246
0.0138198
0.0100134
0.0100134
0.0132998
0.0133016
0.0144514
0.0143829
0.0142382
0.0144352
0.0143273
0.014003
0.0144277
0.0133313
0.012025
0.0092753
0.0137018
0.0144346
0.0135524
0.00560886
0.00651618
0.0144541
0.0141515
0.0140524
0.0141973
0.014447
0.014452
0.0144464
0.0144012
0.014302
0.0144547
0.014435
0.0144139
0.00637621
0.00107905
0.0143482
0.0142884
0.0144426
0.0143805
0.0141299
0.0141616
0.0144045
0.0143027
0.0143949
0.0144498
0.014456
0.0144562
0.0143455
0.0144562
0.00591057
0.00648639
0.00579455
0.00613387
0.00435335
0.0144267
0.0144487
0.0144052
0.0144537
0.00798289
0.00263943
0.00202183
0.00473232
0.0108891
0.0121528
0.00756073
0.0105272
0.020212
0.00376432
0.00365331
0.0100442
0.0103494
0.0128807
0.0244905
0.00283228
0.00697376
0.00527676
0.00177082
0.0282971
0.0282307
0.0142259
0.0144551
0.0144487
0.0144561
0.0144405
0.0144417
0.00931105
0.0141976
0.0144465
0.0144562
0.0144562
0.0144562
0.0144559
0.0144546
0.0144234
0.0142943
0.0144134
0.0142634
0.014451
0.0144547
0.0140803
0.0132275
0.0140808
0.0132293
0.0143954
0.0138496
0.0144546
0.0143877
0.0144553
0.0132227
0.0105268
0.0138253
0.0143415
0.0142517
0.0143948
0.0144381
0.0144561
0.0144562
0.0143692
0.0144561
0.0143153
0.0138015
0.0140568
0.0140401
0.0140381
0.0122467
0.0137368
0.0123415
0.0138841
0.0123504
0.00849029
0.0119574
0.0105991
0.0129489
0.00333507
0.00875227
0.00294203
0.0075436
0.00320135
0.00287749
0.00745504
0.00311279
0.0135327
0.0117901
0.0143528
0.0144401
0.0144541
0.0144562
0.0144562
0.0143833
0.0144009
0.0144546
0.0067529
0.0103137
0.0100814
0.00576973
0.0112015
0.000953294
0.00982535
0.00560292
0.00263723
0.0137475
0.0138749
0.0143842
0.0144086
0.0144529
0.0142533
0.00542718
0.00263224
0.01439
0.0144365
0.014445
0.0155379
0.0112706
0.00426461
0.00307323
0.00356913
0.0141331
0.0138325
0.0142857
0.0132772
0.0138552
0.0112142
0.0181387
0.0170587
0.0144533
0.0144408
0.00813167
0.0111185
0.0119297
0.0136419
0.0042822
0.00464565
0.0118131
0.00155892
0.0172986
0.0054908
0.00564906
0.00522201
0.00217729
0.0103956
0.011796
0.00852904
0.0143402
0.0143384
0.0144436
0.0137789
0.0204154
0.00334079
0.00960691
0.00377515
0.00748039
0.00338426
0.0119031
0.0118401
0.0236376
0.0216795
0.0258382
0.0162562
0.00868225
0.0199769
0.00195789
0.00312986
0.00803841
0.00991288
0.0177183
0.0130504
0.00221726
0.0267397
0.0246029
0.01291
0.0232314
0.0265426
0.0281704
0.0285535
0.0279921
0.00812595
0.0262329
0.0266542
0.0280114
0.00832368
0.00127429
0.00769472
0.0219837
0.0221806
0.0263509
0.0285173
0.0280948
0.00871188
0.0132449
0.0165734
0.0154107
0.0123227
0.00695165
0.0142803
0.00588397
0.012054
0.0103944
0.00782211
0.00211324
0.010928
0.0226266
0.023373
0.018523
0.0170783
0.0144001
0.014184
0.0141233
0.0139745
0.0137817
0.00813154
0.0111183
0.0129316
0.0132428
0.0128819
0.0134238
0.0128418
0.0163945
0.0100192
0.0139322
0.00498038
0.0127571
0.00542718
0.00147189
0.00396318
0.00250112
0.000861005
0.0104268
0.00636523
0.0136613
0.0120717
0.00673939
0.0102208
0.0098598
0.0131152
0.00490747
0.00429513
0.00164766
0.0125177
0.00545917
0.00263384
0.0142561
0.0124627
0.0144443
0.00346818
0.00251538
0.00095446
0.0143047
0.00698076
0.0135077
0.000981436
0.0105969
0.0144484
0.0163285
0.0143941
0.0144459
0.00164103
0.000951791
0.0015102
0.00148925
0.0145723
0.0144547
0.0159657
0.0164049
0.0150582
0.0231342
0.0169886
0.0226813
0.00592297
0.0143226
0.0144078
0.0144517
0.0142461
0.0229072
0.014348
0.0141882
0.00985936
0.0220194
0.010426
0.00815986
0.00161567
0.0136281
0.0157416
0.0137681
0.0120918
0.0124653
0.00673648
0.0103082
0.014167
0.0139182
0.00986162
0.00673664
0.0103084
0.0143842
0.0140059
0.0143487
0.0220195
0.0229072
0.0144561
0.0104261
0.0136289
0.0137683
0.0124668
0.00816092
0.00161553
0.0144547
0.0144524
0.0231342
0.0169886
0.0159657
0.00560292
0.0127297
0.0143226
0.005923
0.0112015
0.00095446
0.0144484
0.0163285
0.0143941
0.0144459
0.00698076
0.000981435
0.0105969
0.000951843
0.000953294
0.00164104
0.00164194
0.00148919
0.0145723
0.00151018
0.0145608
0.000861005
0.00250112
0.0104268
0.00636522
0.0136614
0.0160637
0.0137644
0.0120985
0.0120717
0.0067529
0.0103137
0.00673939
0.0102208
0.00596066
0.0100814
0.0098598
0.0131152
0.0114187
0.00490748
0.00429516
0.00164766
0.0125177
0.00545917
0.014455
0.00170803
0.00192753
0.0115161
0.0126122
0.00639496
0.0144549
0.00896282
0.00310821
0.00676924
0.0115188
0.0117684
0.00526436
0.00166241
0.0140491
0.0143795
0.0140463
0.0143831
0.0119298
0.0136419
0.0241209
0.00433105
0.0056912
0.0189476
0.00852755
0.00316844
0.00469925
0.0085173
0.0144459
0.0169059
0.0144534
0.014451
0.0144409
0.00433161
0.00325115
0.018949
0.0244684
0.0240149
0.00971187
0.00405865
0.00483912
0.00484247
0.00405881
0.0133024
0.0144202
0.014146
0.00908616
0.00908648
0.00343131
0.00343209
0.0160466
0.00706464
0.0144235
0.0143301
0.0139348
0.014194
0.0144507
0.0143908
0.0164823
0.0144506
0.0144137
0.00703419
0.0143459
0.0139496
0.0134005
0.0142629
0.00908663
0.00343114
0.00695643
0.014496
0.014286
0.0139115
0.014083
0.0118567
0.0122449
0.0142821
0.0137299
0.0139748
0.0134862
0.0138572
0.00584318
0.0141297
0.0036231
0.00544206
0.00322965
0.0139229
0.00568147
0.0036919
0.00975222
0.0117884
0.0164313
0.0214298
0.0142491
0.0143823
0.0141759
0.0134994
0.0118357
0.0121426
0.013886
0.0138202
0.0131529
0.0134727
0.0144529
0.014455
0.0230449
0.0177133
0.014453
0.0144512
0.0144498
0.0144544
0.016985
0.0162512
0.0144561
0.0144561
0.0144539
0.014455
0.0164817
0.0144507
0.0144138
0.0154065
0.0143459
0.0142629
0.014455
0.0144548
0.0125816
0.00639344
0.0125311
0.0139578
0.0144546
0.0085274
0.00316821
0.00469887
0.00851671
0.0133331
0.0142452
0.0135759
0.0144542
0.01445
0.0144142
0.0144375
0.0142803
0.0134609
0.0144558
0.0144562
0.0144562
0.014456
0.0144552
0.0144558
0.0144562
0.0144562
0.0144558
0.0143933
0.0144543
0.0144464
0.000545327
0.0107617
0.0137949
0.000908744
0.00362946
0.00623813
0.00220863
0.0047095
0.0144544
0.0144541
0.0144525
0.0144549
0.0144555
0.0126023
0.0111052
0.0103342
0.0124889
0.014455
0.0144548
0.0144481
0.0144548
0.0144545
0.0144545
0.00223709
0.00865229
0.00235488
0.00875093
0.0144561
0.0144559
0.00852856
0.0103452
0.008536
0.011774
0.0144561
0.0144558
0.0132802
0.0144562
0.0144562
0.0144562
0.00274634
0.00865229
0.0060121
0.000790308
0.00270672
0.00680109
0.00762739
0.0029175
0.010761
0.0137946
0.00062337
0.00875093
0.0122771
0.0144504
0.0144545
0.0144545
0.0144513
0.0144546
0.00223709
0.00819131
0.014455
0.0144547
0.0144481
0.0144548
0.000571829
0.00270252
0.00679379
0.00761088
0.00290824
0.00980678
0.0107795
0.0140057
0.013953
0.0126339
0.0107796
0.0144541
0.0144555
0.0144525
0.0144544
0.0144549
0.00270256
0.00679385
0.00761103
0.00290833
0.000571812
0.0144513
0.0144546
0.000790308
0.0060121
0.000545327
0.00270672
0.00680109
0.00762739
0.0029175
0.0107617
0.0137949
0.0142571
0.010761
0.0137946
0.000908744
0.00362946
0.00623813
0.00220863
0.00062337
0.0131277
0.0132697
0.0131417
0.013143
0.0133794
0.014423
0.0143638
0.00745697
0.0039525
0.0117011
0.00916036
0.00943315
0.00361439
0.0144536
0.0144552
0.0144553
0.0144522
0.0144547
0.011737
0.0109466
0.00943059
0.00395064
0.0036124
0.00915724
0.00943431
0.00395042
0.00741366
0.00361463
0.00916275
0.0116113
0.00915951
0.00943136
0.00361311
0.0116852
0.0117861
0.0140359
0.0139037
0.0124938
0.00503621
0.0144084
0.0144537
0.0144539
0.0144537
0.0144551
0.011666
0.00915915
0.00943112
0.00361296
0.0144537
0.0144531
0.014455
0.0144537
0.0144538
0.0144553
0.0144553
0.0144521
0.0144547
0.00915657
0.00361181
0.0117379
0.0109475
0.0144451
0.0199555
0.0180997
0.0187651
0.0104143
0.00464522
0.00365125
0.013067
0.0151662
0.0143454
0.0138514
0.0133019
0.0100595
0.0144294
0.0108139
0.0097128
0.0135257
0.0133585
0.00626157
0.00619988
0.0181327
0.0106996
0.017967
0.0223457
0.0212375
0.0253777
0.0261349
0.00982877
0.00346757
0.00661767
0.0123069
0.0137614
0.0143912
0.0223637
0.02128
0.0254456
0.0264242
0.0144509
0.0144138
0.014424
0.0144531
0.0144318
0.0141224
0.0143629
0.013499
0.0141295
0.00703354
0.017929
0.0182775
0.0212477
0.0202871
0.0198205
0.013857
0.0235292
0.0172502
0.00549019
0.00565484
0.0224862
0.020209
0.00216364
0.00350701
0.0141911
0.012039
0.00576293
0.0207245
0.0165122
0.0192197
0.0170343
0.00257607
0.00643322
0.00445843
0.00393311
0.000715612
0.00180235
0.00646777
0.00383498
0.010774
0.0120272
0.0124945
0.00495253
0.0105671
0.0102425
0.0127542
0.0140301
0.0144472
0.014128
0.0143827
0.000955411
0.000916817
0.0226327
0.0170977
0.0253519
0.0158005
0.00716386
0.0106924
0.0123753
0.012375
0.0127533
0.0209621
0.0271209
0.00947111
0.00600921
0.0021689
0.0249427
0.0238091
0.0206243
0.015139
0.013156
0.0138144
0.0120409
0.00345988
0.0135134
0.02312
0.0188718
0.0134053
0.0277
0.0268136
0.0273508
0.025989
0.0263036
0.0167152
0.00805303
0.0179272
0.0251375
0.0231492
0.0136454
0.0258291
0.0285792
0.0152557
0.0222349
0.0073445
0.00312866
0.00738522
0.00300548
0.00186672
0.00711953
0.00290369
0.00728162
0.00290189
0.00701535
0.00564291
0.0135314
0.00743649
0.026923
0.023867
0.0232938
0.0197074
0.0253268
0.00860783
0.00459353
0.0056248
0.0101574
0.0287613
0.0280478
0.0287423
0.0283942
0.0135623
0.0231923
0.00783022
0.0253812
0.019162
0.0256623
0.0266237
0.0249967
0.0254697
0.0173717
0.0196088
0.0150619
0.00636507
0.0281469
0.0235539
0.0172047
0.0248032
0.0263061
0.0141246
0.0193747
0.0223005
0.00761645
0.00562248
0.012451
0.0210217
0.0250527
0.0261344
0.0261744
0.0209154
0.0219405
0.0207005
0.022073
0.0254437
0.0129009
0.0275424
0.0276241
0.0285776
0.0265337
0.0276705
0.0282481
0.0288062
0.0287956
0.0239141
0.0218611
0.0223045
0.0272227
0.0277345
0.0018884
0.0224703
0.0208426
0.0265708
0.0286046
0.0246737
0.0230723
0.0240621
0.00275067
0.016851
0.0261145
0.0288781
0.0289059
0.0288888
0.0289087
0.0289012
0.0273335
0.028902
0.0289021
0.0206179
0.00884037
0.00899069
0.0214738
0.0289119
0.0288893
0.0289087
0.0287815
0.0288832
0.028804
0.0286643
0.028804
0.0288832
0.0286643
0.0262399
0.0284469
0.025468
0.0277289
0.0257866
0.0225445
0.0225449
0.0257917
0.0221807
0.0172828
0.0278312
0.0279478
0.0261734
0.0278768
0.0280148
0.00901847
0.0262036
0.0288144
0.0286672
0.0263601
0.0285548
0.0281561
0.0231027
0.0270103
0.0170024
0.0263882
0.0286864
0.0278703
0.0279077
0.0273896
0.0269511
0.0275296
0.0254639
0.0207661
0.0263964
0.0212876
0.014456
0.0144363
0.014181
0.0140731
0.0138313
0.00634032
0.0121821
0.0129729
0.0137185
0.013975
0.00337677
0.00913591
0.0108709
0.014367
0.0144228
0.0142151
0.0142827
0.0144454
0.0143909
0.0144522
0.0136753
0.0136363
0.00323372
0.00321076
0.00988057
0.00653718
0.00574618
0.0127457
0.01244
0.00628979
0.00323114
0.00319678
0.0144166
0.0144417
0.0144124
0.014281
0.0141589
0.0143788
0.0142306
0.0142799
0.0141473
0.0142252
0.00983044
0.003467
0.00661758
0.0144167
0.0144417
0.0144124
0.0141224
0.0143628
0.0134988
0.0141291
0.0144531
0.0144321
0.0143445
0.0144263
0.010908
0.0133612
0.00335029
0.00267686
0.00838292
0.00177336
0.00656487
0.00797864
0.00494915
0.0130705
0.0114374
0.00499621
0.0144519
0.0144251
0.0144451
0.0142708
0.0144262
0.0144173
0.014136
0.0143705
0.0128214
0.0144329
0.0144462
0.0144303
0.014455
0.014456
0.0144021
0.0140167
0.0143781
0.014456
0.0144559
0.0144525
0.014434
0.0144561
0.0128386
0.0135407
0.0123074
0.0143444
0.0143668
0.0143032
0.0144006
0.0129523
0.0135006
0.0141461
0.0141245
0.0141999
0.0131876
0.0125039
0.00457918
0.0144562
0.0144562
0.0144562
0.0144562
0.0144562
0.0144562
0.0144527
0.0143353
0.0140311
0.0144502
0.0144111
0.0144384
0.0143953
0.00674563
0.00494126
0.0020582
0.0144562
0.0144562
0.0144562
0.0144561
0.0132037
0.0104877
0.012432
0.0130431
0.0142289
0.0144548
0.0144558
0.0144526
0.0144348
0.014456
0.0144426
0.0144479
0.0144115
0.0131393
0.012734
0.0141089
0.0131554
0.0137975
0.0141014
0.00692989
0.0142694
0.0144449
0.0143377
0.0143636
0.0144437
0.0144408
0.0129777
0.0137028
0.0139784
0.0144236
0.0143314
0.014279
0.0141755
0.014175
0.014423
0.0143672
0.014456
0.0144562
0.0144562
0.0144562
0.0140526
0.0141296
0.0144561
0.0144558
0.0134062
0.0144213
0.014418
0.0143039
0.0143205
0.00344393
0.0144231
0.0138851
0.0133017
0.0098532
0.00962687
0.00533037
0.0052397
0.0117231
0.0128825
0.00393759
0.00767442
0.00371451
0.0128262
0.00994186
0.013419
0.0136097
0.0143733
0.0140619
0.0141169
0.0132738
0.013977
0.0108438
0.00989657
0.0095347
0.000866692
0.00229369
0.00222176
0.00715342
0.0132202
0.0064877
0.0109489
0.00334353
0.00341188
0.0123894
0.00902847
0.00337026
0.0137669
0.0110037
0.0048987
0.0103088
0.0134263
0.0025947
0.0137851
0.0135829
0.0104719
0.00623748
0.0100966
0.00764631
0.0093449
0.0031092
0.0142913
0.0144368
0.0144172
0.0140184
0.0144489
0.00121349
0.00957706
0.00608105
0.00833868
0.010415
0.00520197
0.000647148
0.000839296
0.00196604
0.00165028
0.00212987
0.0109929
0.0103115
0.0144342
0.0144493
0.0137336
0.013226
0.00962655
0.00642695
0.00789898
0.0138278
0.0123067
0.0107127
0.00838642
0.0118966
0.0165291
0.0111454
0.0171405
0.00582307
0.000969186
0.0136127
0.0136575
0.00578949
0.00581131
0.0215614
0.0198659
0.0266947
0.0264599
0.0283431
0.0257895
0.0272287
0.0260763
0.0267012
0.0283779
0.0271792
0.0271431
0.0264505
0.0243433
0.0239076
0.0278765
0.013959
0.0128061
0.0171108
0.00981747
0.023973
0.0246845
0.0250063
0.0263643
0.0264516
0.0195418
0.0057162
0.00408606
0.00897236
0.0199808
0.00766786
0.00700449
0.0133819
0.00140715
0.0279354
0.0256511
0.0279877
0.0255333
0.0288463
0.028846
0.0288969
0.0281969
0.0260901
0.0184888
0.0287567
0.0287082
0.0280619
0.0090081
0.00316192
0.00883906
0.0107901
0.0142688
0.0143994
0.0144526
0.0144487
0.0143917
0.0144452
0.0141973
0.0144054
0.00132345
0.0130696
0.0142115
0.0142499
0.0143476
0.0126068
0.0114187
0.00170176
0.0013604
0.00434411
0.0144557
0.0128247
0.00672893
0.00911293
0.00384566
0.0116869
0.0104179
0.0138529
0.0141884
0.013069
0.0117561
0.00909176
0.00126508
0.00447477
0.0120158
0.0134276
0.00126508
0.00447477
0.00116249
0.00775724
0.00826346
0.00894959
0.012788
0.0120985
0.0130063
0.0140015
0.0142421
0.01416
0.00151497
0.0134276
0.0130669
0.0112932
0.00132994
0.00245048
0.0137474
0.00169934
0.0144554
0.0144561
0.0144558
0.0144561
0.0144561
0.0144558
0.013069
0.0117562
0.00909178
0.0138508
0.00143437
0.0127917
0.0095288
0.0130732
0.0141929
0.0143642
0.0128375
0.00674125
0.00961929
0.00388567
0.0130734
0.014193
0.0143643
0.0144557
0.0127919
0.00143431
0.0144558
0.0144561
0.0144554
0.0144558
0.0144561
0.00136031
0.00612059
0.00434414
0.00169936
0.00826346
0.00894958
0.00790297
0.00132345
0.012788
0.0130696
0.0142115
0.0142499
0.0143933
0.0143476
0.0130063
0.0140015
0.0142421
0.01416
0.0126068
0.00151497
0.00132994
0.0106576
0.0144547
0.0144559
0.0144559
0.0144559
0.0144269
0.0144556
0.0144558
0.014456
0.00999357
0.0102493
0.0106206
0.00317744
0.00768123
0.00498984
0.00355726
0.00901797
0.00329539
0.0107347
0.00107215
0.0143773
0.0144546
0.0106092
0.0144561
0.0144561
0.0144558
0.014456
0.0144561
0.0144556
0.0144558
0.014456
0.00422289
0.00563741
0.0211847
0.0274131
0.00822265
0.0114015
0.00519079
0.00426835
0.0205119
0.0264505
0.022097
0.0260633
0.02825
0.0267013
0.0268301
0.0283779
0.0283778
0.027143
0.02579
0.0272306
0.0203529
0.0220079
0.0275336
0.0264597
0.0266946
0.028343
0.02201
0.0275345
0.0203548
0.0283778
0.0267456
0.0129258
0.00426835
0.0220969
0.0260629
0.0215615
0.0198662
0.00563733
0.016529
0.0211847
0.0274131
0.0058231
0.000969192
0.00822268
0.00628976
0.0249321
0.0228023
0.0206502
0.0267384
0.00742143
0.0118012
0.0215863
0.020855
0.0237556
0.0107155
0.00972521
0.00379732
0.00382841
0.00390421
0.00973085
0.00390231
0.0111083
0.0110611
0.00687743
0.0231138
0.0253654
0.0268627
0.028229
0.00887162
0.0250062
0.0263654
0.0222177
0.0269588
0.0267689
0.0205147
0.0262613
0.013835
0.00357397
0.0067315
0.00480281
0.0204831
0.0192623
0.00705418
0.00712882
0.00429694
0.00469695
0.011894
0.00156728
0.0143186
0.0101781
0.00918273
0.00501199
0.00500461
0.0128253
0.0118849
0.0063132
0.00721491
0.01501
0.0137162
0.00612128
0.00988861
0.0207129
0.00497665
0.00660631
0.0170103
0.0182894
0.00913623
0.00488935
0.00773428
0.00168104
0.0174659
0.0199465
0.00689656
0.00993501
0.0282089
0.0271065
0.0277472
0.0247661
0.00188197
0.0279107
0.00773069
0.0197326
0.00778989
0.0196006
0.0112543
0.00379778
0.00253746
0.00126317
0.0288337
0.0287259
0.0288148
0.0285618
0.0209506
0.0147478
0.0289123
0.0289123
0.0289123
0.0289118
0.0288826
0.0289076
0.0287459
0.0287644
0.0288766
0.00688284
0.0176536
0.0172828
0.00474986
0.022239
0.0117739
0.0160856
0.021889
0.0222999
0.0135286
0.00750281
0.0284398
0.028413
0.00622756
0.0287787
0.0287086
0.0287684
0.0268866
0.0284005
0.0283434
0.0275497
0.0184803
0.0280406
0.0184429
0.0205103
0.0254484
0.0270038
0.0200372
0.00848642
0.0260182
0.0258854
0.00205294
0.0260014
0.0204868
0.0179732
0.0263403
0.0265477
0.028264
0.00680054
0.0127679
0.0127542
0.00330501
0.00689802
0.00398417
0.00500575
0.0103881
0.0104372
0.00509825
0.00393402
0.0144561
0.00887144
0.0137418
0.0143188
0.0142777
0.0134056
0.0126696
0.0138962
0.0137416
0.0143188
0.0142776
0.0134056
0.0126704
0.0138965
0.00263506
0.00830021
0.00219623
0.00475501
0.0138086
0.0141222
0.0144303
0.0140429
0.0144004
0.0143805
0.0140413
0.0144001
0.0143801
0.0144301
0.0144562
0.0144562
0.0144562
0.0112192
0.0129735
0.0118649
0.0111226
0.0109606
0.012788
0.0142065
0.0131369
0.0138201
0.0101639
0.0101641
0.00993033
0.00429976
0.00409155
0.00431374
0.0144551
0.0144338
0.00400294
0.00424027
0.00342902
0.00306986
0.014269
0.0141986
0.0115604
0.000828908
0.00663899
0.0120935
0.00322862
0.00194962
0.00293459
0.00804982
0.0116557
0.0101742
0.00227745
0.00477214
0.00673635
0.0125523
0.0106056
0.00486303
0.00742733
0.00234413
0.0144311
0.0144509
0.0143428
0.0144307
0.012969
0.0141851
0.013011
0.0141361
0.014396
0.0144467
0.014395
0.0144463
0.0144311
0.0143431
0.0144308
0.0035124
0.00388669
0.00108714
0.00259014
0.013905
0.0120685
0.0131174
0.0143767
0.0142854
0.0142173
0.00346151
0.00317808
0.0017452
0.00428432
0.00461634
0.0280465
0.0284623
0.0288718
0.0284613
0.0288717
0.00461634
0.016642
0.0280457
0.028844
0.0287601
0.0288401
0.0287397
0.00176642
0.0148164
0.0114943
0.00714797
0.00959513
0.00369567
0.00450891
0.0286599
0.0285515
0.00424105
0.00139757
0.00901735
0.00471278
0.00554282
0.00313905
0.00882025
0.00314089
0.00882366
0.014455
0.00554282
0.028908
0.0210278
0.0232119
0.0289081
0.0289082
0.0210279
0.023212
0.0578247
0.0558197
0.0573348
0.0491084
0.0347951
0.0491672
0.0573353
0.0202921
0.0244736
0.0268967
0.0200751
0.0268679
0.00613101
0.00338491
0.0215643
0.0227321
0.0281362
)
;
    }
}


// ************************************************************************* //
